t,site_subsystems,total_subsystems,interface_subsystems,n_links,mean_degree,frontier_radius,volume_proxy,density,energy_remaining,energy_density,creation_rate_modifier,memory_total,memory_bound,memory_free,birth_attempts,births_accepted,births_reject_exclusion,births_reject_memory,births_reject_energy,deaths_attempted,deaths_executed,links_attempted_random,links_added_random
0.0,2.0,4.0,2.0,1.0,1.0,0.255701653700017,0.20540780711778264,9.736728258109403,0.0,0.0,1.0,inf,2.0,inf,0.0,0.0,0.0,0.0,0.0,0.0,0.0,0.0,0.0
1.0,2.0,4.0,2.0,1.0,1.0,0.255701653700017,0.20540780711778264,9.736728258109403,0.0,0.0,1.0,inf,2.0,inf,0.0,0.0,0.0,0.0,0.0,0.0,0.0,0.0,0.0
2.0,177.0,493.0,316.0,158.0,1.7853107344632768,16.67177794113871,873.1999594827329,0.20270271210829127,0.0,0.0,1.0,inf,177.0,inf,220.0,175.0,45.0,0.0,0.0,0.0,0.0,0.0,0.0
3.0,177.0,493.0,316.0,158.0,1.7853107344632768,16.67177794113871,873.1999594827329,0.20270271210829127,0.0,0.0,1.0,inf,177.0,inf,0.0,0.0,0.0,0.0,0.0,0.0,0.0,0.0,0.0
4.0,340.0,950.0,610.0,305.0,1.7941176470588236,19.09228693307778,1145.1589666445452,0.29690201090267954,0.0,0.0,1.0,inf,340.0,inf,220.0,163.0,57.0,0.0,0.0,0.0,0.0,0.0,0.0
5.0,341.0,951.0,610.0,305.0,1.7888563049853372,19.09228693307778,1145.1589666445452,0.29777525211121686,0.0,0.0,1.0,inf,341.0,inf,4.0,1.0,3.0,0.0,0.0,0.0,0.0,0.0,0.0
6.0,507.0,1421.0,914.0,457.0,1.8027613412228798,25.24232161145052,2001.743671787813,0.2532791821178504,0.0,0.0,1.0,inf,507.0,inf,220.0,166.0,54.0,0.0,0.0,0.0,0.0,0.0,0.0
7.0,507.0,1421.0,914.0,457.0,1.8027613412228798,25.24232161145052,2001.743671787813,0.2532791821178504,0.0,0.0,1.0,inf,507.0,inf,0.0,0.0,0.0,0.0,0.0,0.0,0.0,0.0,0.0
8.0,648.0,1814.0,1166.0,583.0,1.7993827160493827,26.35273904186371,2181.7319698565248,0.29701173606701736,0.0,0.0,1.0,inf,648.0,inf,220.0,141.0,79.0,0.0,0.0,0.0,0.0,0.0,0.0
9.0,680.0,1888.0,1208.0,604.0,1.776470588235294,26.462291924238798,2199.909347079817,0.3091036459764304,0.0,0.0,1.0,inf,680.0,inf,69.0,32.0,37.0,0.0,0.0,0.0,0.0,0.0,0.0
10.0,795.0,2215.0,1420.0,710.0,1.7861635220125787,28.097164813960873,2480.1324270747145,0.32054739953450495,0.0,0.0,1.0,inf,795.0,inf,200.0,115.0,85.0,0.0,0.0,0.0,0.0,0.0,0.0
11.0,835.0,2315.0,1480.0,740.0,1.7724550898203593,28.097446808795944,2480.182210606186,0.33666881264982385,0.0,0.0,1.0,inf,835.0,inf,109.0,40.0,69.0,0.0,0.0,0.0,0.0,0.0,0.0
12.0,937.0,2611.0,1674.0,837.0,1.7865528281750267,29.483668209637358,2730.9446826105122,0.34310471609564824,0.0,0.0,1.0,inf,937.0,inf,199.0,102.0,97.0,0.0,0.0,0.0,0.0,0.0,0.0
13.0,988.0,2756.0,1768.0,884.0,1.7894736842105263,29.483668209637358,2730.9446826105122,0.361779572574707,0.0,0.0,1.0,inf,988.0,inf,127.0,51.0,76.0,0.0,0.0,0.0,0.0,0.0,0.0
14.0,1073.0,2993.0,1920.0,960.0,1.7893755824790307,29.74710752042653,2779.9651981933257,0.38597605491512377,0.0,0.0,1.0,inf,1073.0,inf,181.0,85.0,96.0,0.0,0.0,0.0,0.0,0.0,0.0
15.0,1149.0,3193.0,2044.0,1022.0,1.7789382071366406,29.814836501995014,2792.638602268964,0.4114388446347695,0.0,0.0,1.0,inf,1149.0,inf,173.0,76.0,97.0,0.0,0.0,0.0,0.0,0.0,0.0
16.0,1214.0,3370.0,2156.0,1078.0,1.7759472817133444,29.814836501995014,2792.638602268964,0.4347143232259444,0.0,0.0,1.0,inf,1214.0,inf,171.0,65.0,106.0,0.0,0.0,0.0,0.0,0.0,0.0
17.0,1290.0,3584.0,2294.0,1147.0,1.7782945736434108,29.814836501995014,2792.638602268964,0.4619287289633182,0.0,0.0,1.0,inf,1290.0,inf,188.0,76.0,112.0,0.0,0.0,0.0,0.0,0.0,0.0
18.0,1373.0,3827.0,2454.0,1227.0,1.7873270211216314,30.44858847653889,2912.622511756685,0.4713964801336047,0.0,0.0,1.0,inf,1373.0,inf,184.0,83.0,101.0,0.0,0.0,0.0,0.0,0.0,0.0
19.0,1438.0,4008.0,2570.0,1285.0,1.7872044506258693,31.21971707242589,3062.0184178619893,0.4696248695342803,0.0,0.0,1.0,inf,1438.0,inf,181.0,65.0,116.0,0.0,0.0,0.0,0.0,0.0,0.0
20.0,1517.0,4233.0,2716.0,1358.0,1.7903757415952537,31.21971707242589,3062.0184178619893,0.49542484498157385,0.0,0.0,1.0,inf,1517.0,inf,178.0,79.0,99.0,0.0,0.0,0.0,0.0,0.0,0.0
21.0,1577.0,4397.0,2820.0,1410.0,1.7882054533925174,31.575261023385877,3132.1587923263237,0.5034866060633941,0.0,0.0,1.0,inf,1577.0,inf,181.0,60.0,121.0,0.0,0.0,0.0,0.0,0.0,0.0
22.0,1647.0,4593.0,2946.0,1473.0,1.7887067395264116,31.575261023385877,3132.1587923263237,0.5258354091226444,0.0,0.0,1.0,inf,1647.0,inf,198.0,70.0,128.0,0.0,0.0,0.0,0.0,0.0,0.0
23.0,1741.0,4859.0,3118.0,1559.0,1.790924755887421,33.115738960062316,3445.234390985228,0.5053357195537947,0.0,0.0,1.0,inf,1741.0,inf,197.0,94.0,103.0,0.0,0.0,0.0,0.0,0.0,0.0
24.0,1810.0,5052.0,3242.0,1621.0,1.791160220994475,33.115738960062316,3445.234390985228,0.525363384487288,0.0,0.0,1.0,inf,1810.0,inf,172.0,69.0,103.0,0.0,0.0,0.0,0.0,0.0,0.0
25.0,1870.0,5220.0,3350.0,1675.0,1.7914438502673797,34.02508517190334,3637.0419870868295,0.5141540863810095,0.0,0.0,1.0,inf,1870.0,inf,182.0,60.0,122.0,0.0,0.0,0.0,0.0,0.0,0.0
26.0,1960.0,5476.0,3516.0,1758.0,1.7938775510204081,34.02508517190334,3637.0419870868295,0.5388994702175286,0.0,0.0,1.0,inf,1960.0,inf,185.0,90.0,95.0,0.0,0.0,0.0,0.0,0.0,0.0
27.0,2014.0,5628.0,3614.0,1807.0,1.794438927507448,34.02508517190334,3637.0419870868295,0.5537467005194401,0.0,0.0,1.0,inf,2014.0,inf,157.0,54.0,103.0,0.0,0.0,0.0,0.0,0.0,0.0
28.0,2098.0,5862.0,3764.0,1882.0,1.794089609151573,34.02508517190334,3637.0419870868295,0.5768423921001914,0.0,0.0,1.0,inf,2098.0,inf,195.0,84.0,111.0,0.0,0.0,0.0,0.0,0.0,0.0
29.0,2186.0,6112.0,3926.0,1963.0,1.7959743824336687,34.02508517190334,3637.0419870868295,0.6010378785181212,0.0,0.0,1.0,inf,2186.0,inf,197.0,88.0,109.0,0.0,0.0,0.0,0.0,0.0,0.0
30.0,2261.0,6323.0,4062.0,2031.0,1.7965501990269792,34.12879876826013,3659.2482857785276,0.61788646831844,0.0,0.0,1.0,inf,2261.0,inf,192.0,75.0,117.0,0.0,0.0,0.0,0.0,0.0,0.0
31.0,2335.0,6527.0,4192.0,2096.0,1.795289079229122,34.460010839906744,3730.6172338010188,0.6259017888096056,0.0,0.0,1.0,inf,2335.0,inf,199.0,74.0,125.0,0.0,0.0,0.0,0.0,0.0,0.0
32.0,2407.0,6729.0,4322.0,2161.0,1.7955961778147072,34.460010839906744,3730.6172338010188,0.6452015441818931,0.0,0.0,1.0,inf,2407.0,inf,201.0,72.0,129.0,0.0,0.0,0.0,0.0,0.0,0.0
33.0,2482.0,6930.0,4448.0,2224.0,1.7921031426269138,34.46403304888376,3731.4881678187635,0.6651501729002801,0.0,0.0,1.0,inf,2482.0,inf,199.0,75.0,124.0,0.0,0.0,0.0,0.0,0.0,0.0
34.0,2550.0,7104.0,4554.0,2277.0,1.7858823529411765,34.50809550211278,3741.0357229538536,0.681629417317236,0.0,0.0,1.0,inf,2550.0,inf,205.0,68.0,137.0,0.0,0.0,0.0,0.0,0.0,0.0
35.0,2613.0,7271.0,4658.0,2329.0,1.7826253348641408,34.50809550211278,3741.0357229538536,0.6984696735097795,0.0,0.0,1.0,inf,2613.0,inf,209.0,63.0,146.0,0.0,0.0,0.0,0.0,0.0,0.0
36.0,2698.0,7520.0,4822.0,2411.0,1.7872498146775389,35.242107801828574,3901.8774352442756,0.6914620063741425,0.0,0.0,1.0,inf,2698.0,inf,202.0,85.0,117.0,0.0,0.0,0.0,0.0,0.0,0.0
37.0,2771.0,7735.0,4964.0,2482.0,1.7914110429447854,35.242107801828574,3901.8774352442756,0.7101709487260003,0.0,0.0,1.0,inf,2771.0,inf,198.0,73.0,125.0,0.0,0.0,0.0,0.0,0.0,0.0
38.0,2839.0,7931.0,5092.0,2546.0,1.793589292004227,35.608823706358194,3983.5028090153837,0.7126893430512543,0.0,0.0,1.0,inf,2839.0,inf,204.0,68.0,136.0,0.0,0.0,0.0,0.0,0.0,0.0
39.0,2897.0,8095.0,5198.0,2599.0,1.794269934414912,35.608823706358194,3983.5028090153837,0.7272493930325762,0.0,0.0,1.0,inf,2897.0,inf,201.0,58.0,143.0,0.0,0.0,0.0,0.0,0.0,0.0
40.0,2953.0,8247.0,5294.0,2647.0,1.792753132407721,35.608823706358194,3983.5028090153837,0.741307372324887,0.0,0.0,1.0,inf,2953.0,inf,210.0,56.0,154.0,0.0,0.0,0.0,0.0,0.0,0.0
41.0,3016.0,8428.0,5412.0,2706.0,1.7944297082228118,35.608823706358194,3983.5028090153837,0.7571225990287366,0.0,0.0,1.0,inf,3016.0,inf,209.0,63.0,146.0,0.0,0.0,0.0,0.0,0.0,0.0
42.0,3078.0,8600.0,5522.0,2761.0,1.7940220922677064,35.608823706358194,3983.5028090153837,0.7726867903880806,0.0,0.0,1.0,inf,3078.0,inf,203.0,62.0,141.0,0.0,0.0,0.0,0.0,0.0,0.0
43.0,3133.0,8749.0,5616.0,2808.0,1.7925311203319503,35.608823706358194,3983.5028090153837,0.7864937343358858,0.0,0.0,1.0,inf,3133.0,inf,208.0,55.0,153.0,0.0,0.0,0.0,0.0,0.0,0.0
44.0,3182.0,8890.0,5708.0,2854.0,1.793840351979887,35.79445593357462,4025.1438337068525,0.790530756529418,0.0,0.0,1.0,inf,3182.0,inf,206.0,49.0,157.0,0.0,0.0,0.0,0.0,0.0,0.0
45.0,3241.0,9055.0,5814.0,2907.0,1.7938907744523296,35.79445593357462,4025.1438337068525,0.8051886178227039,0.0,0.0,1.0,inf,3241.0,inf,209.0,59.0,150.0,0.0,0.0,0.0,0.0,0.0,0.0
46.0,3302.0,9228.0,5926.0,2963.0,1.7946698970321018,36.563806585400194,4200.0327669453145,0.7861843426525327,0.0,0.0,1.0,inf,3302.0,inf,212.0,61.0,151.0,0.0,0.0,0.0,0.0,0.0,0.0
47.0,3362.0,9398.0,6036.0,3018.0,1.7953599048185604,36.563806585400194,4200.0327669453145,0.8004699454869215,0.0,0.0,1.0,inf,3362.0,inf,210.0,60.0,150.0,0.0,0.0,0.0,0.0,0.0,0.0
48.0,3423.0,9571.0,6148.0,3074.0,1.7960853052877592,36.563806585400194,4200.0327669453145,0.8149936417018835,0.0,0.0,1.0,inf,3423.0,inf,206.0,61.0,145.0,0.0,0.0,0.0,0.0,0.0,0.0
49.0,3473.0,9711.0,6238.0,3119.0,1.7961416642672041,36.592717958689576,4206.677410047687,0.8255921862952239,0.0,0.0,1.0,inf,3473.0,inf,204.0,50.0,154.0,0.0,0.0,0.0,0.0,0.0,0.0
50.0,3530.0,9874.0,6344.0,3172.0,1.7971671388101984,36.592717958689576,4206.677410047687,0.8391420724509474,0.0,0.0,1.0,inf,3530.0,inf,208.0,57.0,151.0,0.0,0.0,0.0,0.0,0.0,0.0
51.0,3575.0,9999.0,6424.0,3212.0,1.7969230769230768,36.592717958689576,4206.677410047687,0.8498393509949397,0.0,0.0,1.0,inf,3575.0,inf,213.0,45.0,168.0,0.0,0.0,0.0,0.0,0.0,0.0
52.0,3634.0,10168.0,6534.0,3267.0,1.7980187121629059,36.592717958689576,4206.677410047687,0.8638646717526184,0.0,0.0,1.0,inf,3634.0,inf,211.0,59.0,152.0,0.0,0.0,0.0,0.0,0.0,0.0
53.0,3679.0,10301.0,6622.0,3311.0,1.7999456374014677,36.63571073278429,4216.568065125316,0.8725105211578413,0.0,0.0,1.0,inf,3679.0,inf,207.0,45.0,162.0,0.0,0.0,0.0,0.0,0.0,0.0
54.0,3735.0,10463.0,6728.0,3364.0,1.801338688085676,36.68444603827186,4227.793856072226,0.883439478638618,0.0,0.0,1.0,inf,3735.0,inf,216.0,56.0,160.0,0.0,0.0,0.0,0.0,0.0,0.0
55.0,3794.0,10630.0,6836.0,3418.0,1.801792303637322,36.87001530625839,4270.674860217246,0.888384183807194,0.0,0.0,1.0,inf,3794.0,inf,213.0,59.0,154.0,0.0,0.0,0.0,0.0,0.0,0.0
56.0,3849.0,10791.0,6942.0,3471.0,1.8035853468433358,36.99929168244247,4300.675676193206,0.8949756479677138,0.0,0.0,1.0,inf,3849.0,inf,210.0,55.0,155.0,0.0,0.0,0.0,0.0,0.0,0.0
57.0,3912.0,10960.0,7048.0,3524.0,1.8016359918200409,37.2612209738978,4361.782805778097,0.8968809714270355,0.0,0.0,1.0,inf,3912.0,inf,209.0,63.0,146.0,0.0,0.0,0.0,0.0,0.0,0.0
58.0,3971.0,11131.0,7160.0,3580.0,1.8030722739864014,37.2612209738978,4361.782805778097,0.9104075504950813,0.0,0.0,1.0,inf,3971.0,inf,209.0,59.0,150.0,0.0,0.0,0.0,0.0,0.0,0.0
59.0,4031.0,11305.0,7274.0,3637.0,1.804515008682709,37.2612209738978,4361.782805778097,0.9241633936151278,0.0,0.0,1.0,inf,4031.0,inf,210.0,60.0,150.0,0.0,0.0,0.0,0.0,0.0,0.0
60.0,4079.0,11447.0,7368.0,3684.0,1.8063250796763912,37.2612209738978,4361.782805778097,0.935168068111165,0.0,0.0,1.0,inf,4079.0,inf,211.0,48.0,163.0,0.0,0.0,0.0,0.0,0.0,0.0
61.0,4143.0,11631.0,7488.0,3744.0,1.8073859522085445,37.48231926583969,4413.699726357669,0.9386682957290665,0.0,0.0,1.0,inf,4143.0,inf,210.0,64.0,146.0,0.0,0.0,0.0,0.0,0.0,0.0
62.0,4205.0,11815.0,7610.0,3805.0,1.8097502972651605,37.48231926583969,4413.699726357669,0.9527154679074884,0.0,0.0,1.0,inf,4205.0,inf,209.0,62.0,147.0,0.0,0.0,0.0,0.0,0.0,0.0
63.0,4261.0,11975.0,7714.0,3857.0,1.8103731518422905,37.81861584380034,4493.255680771182,0.9483101569836953,0.0,0.0,1.0,inf,4261.0,inf,208.0,56.0,152.0,0.0,0.0,0.0,0.0,0.0,0.0
64.0,4310.0,12112.0,7802.0,3901.0,1.8102088167053365,37.89249864642365,4510.828962566904,0.9554784798462805,0.0,0.0,1.0,inf,4310.0,inf,211.0,49.0,162.0,0.0,0.0,0.0,0.0,0.0,0.0
65.0,4375.0,12303.0,7928.0,3964.0,1.8121142857142858,38.06151449559981,4551.158944721854,0.9612936074390125,0.0,0.0,1.0,inf,4375.0,inf,212.0,65.0,147.0,0.0,0.0,0.0,0.0,0.0,0.0
66.0,4441.0,12483.0,8042.0,4021.0,1.8108534113938302,38.962942074470114,4769.285909712408,0.9311666534724055,0.0,0.0,1.0,inf,4441.0,inf,210.0,66.0,144.0,0.0,0.0,0.0,0.0,0.0,0.0
67.0,4495.0,12639.0,8144.0,4072.0,1.8117908787541712,38.962942074470114,4769.285909712408,0.9424891032106423,0.0,0.0,1.0,inf,4495.0,inf,207.0,54.0,153.0,0.0,0.0,0.0,0.0,0.0,0.0
68.0,4551.0,12795.0,8244.0,4122.0,1.8114700065919578,38.962942074470114,4769.285909712408,0.9542309029391842,0.0,0.0,1.0,inf,4551.0,inf,209.0,56.0,153.0,0.0,0.0,0.0,0.0,0.0,0.0
69.0,4614.0,12974.0,8360.0,4180.0,1.811876896402254,38.962942074470114,4769.285909712408,0.9674404276337939,0.0,0.0,1.0,inf,4614.0,inf,211.0,63.0,148.0,0.0,0.0,0.0,0.0,0.0,0.0
70.0,4672.0,13138.0,8466.0,4233.0,1.8120719178082192,38.962942074470114,4769.285909712408,0.9796015773526409,0.0,0.0,1.0,inf,4672.0,inf,210.0,58.0,152.0,0.0,0.0,0.0,0.0,0.0,0.0
71.0,4721.0,13271.0,8550.0,4275.0,1.8110569794535056,38.962942074470114,4769.285909712408,0.9898756521151151,0.0,0.0,1.0,inf,4721.0,inf,211.0,49.0,162.0,0.0,0.0,0.0,0.0,0.0,0.0
72.0,4775.0,13427.0,8652.0,4326.0,1.8119371727748692,38.962942074470114,4769.285909712408,1.001198101853352,0.0,0.0,1.0,inf,4775.0,inf,215.0,54.0,161.0,0.0,0.0,0.0,0.0,0.0,0.0
73.0,4824.0,13570.0,8746.0,4373.0,1.8130182421227197,38.962942074470114,4769.285909712408,1.0114721766158261,0.0,0.0,1.0,inf,4824.0,inf,212.0,49.0,163.0,0.0,0.0,0.0,0.0,0.0,0.0
74.0,4888.0,13750.0,8862.0,4431.0,1.8130114566284778,39.19549763220652,4826.3880618186695,1.0127656411776624,0.0,0.0,1.0,inf,4888.0,inf,211.0,64.0,147.0,0.0,0.0,0.0,0.0,0.0,0.0
75.0,4943.0,13907.0,8964.0,4482.0,1.81347359902893,39.63546747606457,4935.34869708414,1.0015503064495483,0.0,0.0,1.0,inf,4943.0,inf,210.0,55.0,155.0,0.0,0.0,0.0,0.0,0.0,0.0
76.0,5004.0,14082.0,9078.0,4539.0,1.814148681055156,39.63546747606457,4935.34869708414,1.0139101220864941,0.0,0.0,1.0,inf,5004.0,inf,214.0,61.0,153.0,0.0,0.0,0.0,0.0,0.0,0.0
77.0,5065.0,14251.0,9186.0,4593.0,1.8136229022704837,40.555366983723935,5167.096161866808,0.9802410950621979,0.0,0.0,1.0,inf,5065.0,inf,215.0,61.0,154.0,0.0,0.0,0.0,0.0,0.0,0.0
78.0,5139.0,14465.0,9326.0,4663.0,1.8147499513524032,40.555366983723935,5167.096161866808,0.9945624851973613,0.0,0.0,1.0,inf,5139.0,inf,208.0,74.0,134.0,0.0,0.0,0.0,0.0,0.0,0.0
79.0,5200.0,14644.0,9444.0,4722.0,1.8161538461538462,40.555366983723935,5167.096161866808,1.006367955443915,0.0,0.0,1.0,inf,5200.0,inf,205.0,61.0,144.0,0.0,0.0,0.0,0.0,0.0,0.0
80.0,5255.0,14799.0,9544.0,4772.0,1.8161750713606089,41.51147779920025,5413.601222798735,0.9707031943670316,0.0,0.0,1.0,inf,5255.0,inf,210.0,55.0,155.0,0.0,0.0,0.0,0.0,0.0,0.0
81.0,5335.0,15023.0,9688.0,4844.0,1.8159325210871602,41.51147779920025,5413.601222798735,0.9854807881918389,0.0,0.0,1.0,inf,5335.0,inf,209.0,80.0,129.0,0.0,0.0,0.0,0.0,0.0,0.0
82.0,5408.0,15230.0,9822.0,4911.0,1.816198224852071,41.51147779920025,5413.601222798735,0.9989653425569756,0.0,0.0,1.0,inf,5408.0,inf,199.0,73.0,126.0,0.0,0.0,0.0,0.0,0.0,0.0
83.0,5464.0,15390.0,9926.0,4963.0,1.8166178623718887,41.51147779920025,5413.601222798735,1.0093096582343406,0.0,0.0,1.0,inf,5464.0,inf,204.0,56.0,148.0,0.0,0.0,0.0,0.0,0.0,0.0
84.0,5539.0,15599.0,10060.0,5030.0,1.8162123126918217,41.51147779920025,5413.601222798735,1.0231636524450975,0.0,0.0,1.0,inf,5539.0,inf,210.0,75.0,135.0,0.0,0.0,0.0,0.0,0.0,0.0
85.0,5612.0,15808.0,10196.0,5098.0,1.8168210976478973,41.51147779920025,5413.601222798735,1.0366482068102343,0.0,0.0,1.0,inf,5612.0,inf,208.0,73.0,135.0,0.0,0.0,0.0,0.0,0.0,0.0
86.0,5685.0,16017.0,10332.0,5166.0,1.8174142480211082,41.51147779920025,5413.601222798735,1.050132761175371,0.0,0.0,1.0,inf,5685.0,inf,210.0,73.0,137.0,0.0,0.0,0.0,0.0,0.0,0.0
87.0,5740.0,16178.0,10438.0,5219.0,1.818466898954704,42.37942964865304,5642.350851484772,1.0173064651748007,0.0,0.0,1.0,inf,5740.0,inf,206.0,55.0,151.0,0.0,0.0,0.0,0.0,0.0,0.0
88.0,5814.0,16396.0,10582.0,5291.0,1.8200894392844857,42.37942964865304,5642.350851484772,1.0304215659453468,0.0,0.0,1.0,inf,5814.0,inf,214.0,74.0,140.0,0.0,0.0,0.0,0.0,0.0,0.0
89.0,5878.0,16586.0,10708.0,5354.0,1.8217080639673358,42.37942964865304,5642.350851484772,1.0417643558009544,0.0,0.0,1.0,inf,5878.0,inf,201.0,64.0,137.0,0.0,0.0,0.0,0.0,0.0,0.0
90.0,5928.0,16728.0,10800.0,5400.0,1.8218623481781377,42.37942964865304,5642.350851484772,1.050625910375648,0.0,0.0,1.0,inf,5928.0,inf,213.0,50.0,163.0,0.0,0.0,0.0,0.0,0.0,0.0
91.0,6010.0,16948.0,10938.0,5469.0,1.8199667221297837,42.37942964865304,5642.350851484772,1.065158859878145,0.0,0.0,1.0,inf,6010.0,inf,212.0,82.0,130.0,0.0,0.0,0.0,0.0,0.0,0.0
92.0,6069.0,17123.0,11054.0,5527.0,1.8213873784808041,42.37942964865304,5642.350851484772,1.0756154942762832,0.0,0.0,1.0,inf,6069.0,inf,208.0,59.0,149.0,0.0,0.0,0.0,0.0,0.0,0.0
93.0,6125.0,17281.0,11156.0,5578.0,1.8213877551020408,42.37942964865304,5642.350851484772,1.0855404353999398,0.0,0.0,1.0,inf,6125.0,inf,210.0,56.0,154.0,0.0,0.0,0.0,0.0,0.0,0.0
94.0,6187.0,17461.0,11274.0,5637.0,1.8222078551802166,42.37942964865304,5642.350851484772,1.0965287630725595,0.0,0.0,1.0,inf,6187.0,inf,216.0,62.0,154.0,0.0,0.0,0.0,0.0,0.0,0.0
95.0,6253.0,17649.0,11396.0,5698.0,1.8224852071005917,42.37942964865304,5642.350851484772,1.108226015111155,0.0,0.0,1.0,inf,6253.0,inf,207.0,66.0,141.0,0.0,0.0,0.0,0.0,0.0,0.0
96.0,6315.0,17827.0,11512.0,5756.0,1.8229612034837688,42.37942964865304,5642.350851484772,1.1192143427837746,0.0,0.0,1.0,inf,6315.0,inf,208.0,62.0,146.0,0.0,0.0,0.0,0.0,0.0,0.0
97.0,6374.0,17992.0,11618.0,5809.0,1.8227172889865078,42.92957372234036,5789.792840168797,1.100902946954864,0.0,0.0,1.0,inf,6374.0,inf,212.0,59.0,153.0,0.0,0.0,0.0,0.0,0.0,0.0
98.0,6445.0,18201.0,11756.0,5878.0,1.8240496508921644,42.92957372234036,5789.792840168797,1.1131659072990427,0.0,0.0,1.0,inf,6445.0,inf,213.0,71.0,142.0,0.0,0.0,0.0,0.0,0.0,0.0
99.0,6509.0,18381.0,11872.0,5936.0,1.8239360884928562,42.92957372234036,5789.792840168797,1.1242198433839363,0.0,0.0,1.0,inf,6509.0,inf,214.0,64.0,150.0,0.0,0.0,0.0,0.0,0.0,0.0
100.0,6572.0,18556.0,11984.0,5992.0,1.8234936092513694,42.92957372234036,5789.792840168797,1.1351010617175032,0.0,0.0,1.0,inf,6572.0,inf,212.0,63.0,149.0,0.0,0.0,0.0,0.0,0.0,0.0
101.0,6624.0,18700.0,12076.0,6038.0,1.8230676328502415,42.92957372234036,5789.792840168797,1.1440823847864792,0.0,0.0,1.0,inf,6624.0,inf,211.0,52.0,159.0,0.0,0.0,0.0,0.0,0.0,0.0
102.0,6687.0,18879.0,12192.0,6096.0,1.82323912068192,43.46563223419317,5935.289061136109,1.1266511085005186,0.0,0.0,1.0,inf,6687.0,inf,213.0,63.0,150.0,0.0,0.0,0.0,0.0,0.0,0.0
103.0,6754.0,19074.0,12320.0,6160.0,1.8241042345276872,43.46563223419317,5935.289061136109,1.1379395224783166,0.0,0.0,1.0,inf,6754.0,inf,214.0,67.0,147.0,0.0,0.0,0.0,0.0,0.0,0.0
104.0,6822.0,19268.0,12446.0,6223.0,1.8243916739958956,43.46563223419317,5935.289061136109,1.1493964202468279,0.0,0.0,1.0,inf,6822.0,inf,214.0,68.0,146.0,0.0,0.0,0.0,0.0,0.0,0.0
105.0,6866.0,19392.0,12526.0,6263.0,1.8243518788231867,43.46563223419317,5935.289061136109,1.1568097070382177,0.0,0.0,1.0,inf,6866.0,inf,210.0,44.0,166.0,0.0,0.0,0.0,0.0,0.0,0.0
106.0,6932.0,19582.0,12650.0,6325.0,1.824870167339873,43.46563223419317,5935.289061136109,1.167929637225302,0.0,0.0,1.0,inf,6932.0,inf,218.0,66.0,152.0,0.0,0.0,0.0,0.0,0.0,0.0
107.0,6994.0,19754.0,12760.0,6380.0,1.8244209322276237,43.578555522116,5966.168767682008,1.1722765936300068,0.0,0.0,1.0,inf,6994.0,inf,212.0,62.0,150.0,0.0,0.0,0.0,0.0,0.0,0.0
108.0,7058.0,19936.0,12878.0,6439.0,1.8245962028903373,44.38465490072828,6188.929958396816,1.1404233118560463,0.0,0.0,1.0,inf,7058.0,inf,212.0,64.0,148.0,0.0,0.0,0.0,0.0,0.0,0.0
109.0,7122.0,20116.0,12994.0,6497.0,1.82448750351025,44.38465490072828,6188.929958396816,1.1507643563387309,0.0,0.0,1.0,inf,7122.0,inf,217.0,64.0,153.0,0.0,0.0,0.0,0.0,0.0,0.0
110.0,7196.0,20326.0,13130.0,6565.0,1.8246247915508615,44.38465490072828,6188.929958396816,1.1627211890218347,0.0,0.0,1.0,inf,7196.0,inf,209.0,74.0,135.0,0.0,0.0,0.0,0.0,0.0,0.0
111.0,7271.0,20533.0,13262.0,6631.0,1.8239581900701416,44.38465490072828,6188.929958396816,1.1748396005249806,0.0,0.0,1.0,inf,7271.0,inf,214.0,75.0,139.0,0.0,0.0,0.0,0.0,0.0,0.0
112.0,7339.0,20731.0,13392.0,6696.0,1.8247717672707453,44.38465490072828,6188.929958396816,1.1858269602878329,0.0,0.0,1.0,inf,7339.0,inf,206.0,68.0,138.0,0.0,0.0,0.0,0.0,0.0,0.0
113.0,7400.0,20906.0,13506.0,6753.0,1.825135135135135,44.38465490072828,6188.929958396816,1.1956832683103915,0.0,0.0,1.0,inf,7400.0,inf,212.0,61.0,151.0,0.0,0.0,0.0,0.0,0.0,0.0
114.0,7468.0,21096.0,13628.0,6814.0,1.8248527048741296,44.38465490072828,6188.929958396816,1.2066706280732438,0.0,0.0,1.0,inf,7468.0,inf,214.0,68.0,146.0,0.0,0.0,0.0,0.0,0.0,0.0
115.0,7510.0,21220.0,13710.0,6855.0,1.825565912117177,44.38465490072828,6188.929958396816,1.2134569385150054,0.0,0.0,1.0,inf,7510.0,inf,207.0,42.0,165.0,0.0,0.0,0.0,0.0,0.0,0.0
116.0,7570.0,21392.0,13822.0,6911.0,1.8258916776750331,44.38465490072828,6188.929958396816,1.223151667717522,0.0,0.0,1.0,inf,7570.0,inf,215.0,60.0,155.0,0.0,0.0,0.0,0.0,0.0,0.0
117.0,7611.0,21507.0,13896.0,6948.0,1.8257784785179345,44.38465490072828,6188.929958396816,1.2297763993392419,0.0,0.0,1.0,inf,7611.0,inf,213.0,41.0,172.0,0.0,0.0,0.0,0.0,0.0,0.0
118.0,7662.0,21652.0,13990.0,6995.0,1.8258940224484468,44.38465490072828,6188.929958396816,1.238016919161381,0.0,0.0,1.0,inf,7662.0,inf,211.0,51.0,160.0,0.0,0.0,0.0,0.0,0.0,0.0
119.0,7724.0,21826.0,14102.0,7051.0,1.8257379596064216,44.445638568327404,6205.948584976707,1.2446123093411015,0.0,0.0,1.0,inf,7724.0,inf,215.0,62.0,153.0,0.0,0.0,0.0,0.0,0.0,0.0
120.0,7792.0,22020.0,14228.0,7114.0,1.8259753593429158,44.828827900341985,6313.41940086062,1.234196479793157,0.0,0.0,1.0,inf,7792.0,inf,209.0,68.0,141.0,0.0,0.0,0.0,0.0,0.0,0.0
121.0,7861.0,22215.0,14354.0,7177.0,1.8259763388881822,45.31455508884722,6450.97432416705,1.218575614314666,0.0,0.0,1.0,inf,7861.0,inf,213.0,69.0,144.0,0.0,0.0,0.0,0.0,0.0,0.0
122.0,7924.0,22396.0,14472.0,7236.0,1.8263503281171125,45.31455508884722,6450.97432416705,1.228341580947642,0.0,0.0,1.0,inf,7924.0,inf,209.0,63.0,146.0,0.0,0.0,0.0,0.0,0.0,0.0
123.0,7981.0,22555.0,14574.0,7287.0,1.826086956521739,45.35404496976399,6462.222772219139,1.235023966414471,0.0,0.0,1.0,inf,7981.0,inf,213.0,57.0,156.0,0.0,0.0,0.0,0.0,0.0,0.0
124.0,8038.0,22708.0,14670.0,7335.0,1.8250808658870366,45.35404496976399,6462.222772219139,1.2438444608494572,0.0,0.0,1.0,inf,8038.0,inf,214.0,57.0,157.0,0.0,0.0,0.0,0.0,0.0,0.0
125.0,8107.0,22901.0,14794.0,7397.0,1.8248427285062292,45.7456667435874,6574.304213118478,1.2331342963751442,0.0,0.0,1.0,inf,8107.0,inf,214.0,69.0,145.0,0.0,0.0,0.0,0.0,0.0,0.0
126.0,8177.0,23101.0,14924.0,7462.0,1.8251192368839428,45.7456667435874,6574.304213118478,1.243781810960843,0.0,0.0,1.0,inf,8177.0,inf,212.0,70.0,142.0,0.0,0.0,0.0,0.0,0.0,0.0
127.0,8238.0,23278.0,15040.0,7520.0,1.8256858460791454,45.7456667435874,6574.304213118478,1.2530603593855232,0.0,0.0,1.0,inf,8238.0,inf,210.0,61.0,149.0,0.0,0.0,0.0,0.0,0.0,0.0
128.0,8298.0,23448.0,15150.0,7575.0,1.8257411424439625,45.7456667435874,6574.304213118478,1.2621868004589794,0.0,0.0,1.0,inf,8298.0,inf,213.0,60.0,153.0,0.0,0.0,0.0,0.0,0.0,0.0
129.0,8354.0,23608.0,15254.0,7627.0,1.8259516399329663,45.7456667435874,6574.304213118478,1.2707048121275384,0.0,0.0,1.0,inf,8354.0,inf,210.0,56.0,154.0,0.0,0.0,0.0,0.0,0.0,0.0
130.0,8407.0,23759.0,15352.0,7676.0,1.8260972998691567,45.7456667435874,6574.304213118478,1.2787665017424246,0.0,0.0,1.0,inf,8407.0,inf,214.0,53.0,161.0,0.0,0.0,0.0,0.0,0.0,0.0
131.0,8464.0,23920.0,15456.0,7728.0,1.826086956521739,45.7456667435874,6574.304213118478,1.2874366207622079,0.0,0.0,1.0,inf,8464.0,inf,214.0,57.0,157.0,0.0,0.0,0.0,0.0,0.0,0.0
132.0,8526.0,24098.0,15572.0,7786.0,1.8264133239502698,46.016605348384424,6652.410307376727,1.2816407296082875,0.0,0.0,1.0,inf,8526.0,inf,214.0,62.0,152.0,0.0,0.0,0.0,0.0,0.0,0.0
133.0,8583.0,24261.0,15678.0,7839.0,1.8266340440405453,46.16245239407991,6694.646014875203,1.2820692805756957,0.0,0.0,1.0,inf,8583.0,inf,212.0,57.0,155.0,0.0,0.0,0.0,0.0,0.0,0.0
134.0,8646.0,24438.0,15792.0,7896.0,1.8265093684941014,46.16245239407991,6694.646014875203,1.291479785606136,0.0,0.0,1.0,inf,8646.0,inf,216.0,63.0,153.0,0.0,0.0,0.0,0.0,0.0,0.0
135.0,8706.0,24608.0,15902.0,7951.0,1.8265563978865151,46.16245239407991,6694.646014875203,1.3004421713494125,0.0,0.0,1.0,inf,8706.0,inf,213.0,60.0,153.0,0.0,0.0,0.0,0.0,0.0,0.0
136.0,8762.0,24772.0,16010.0,8005.0,1.8272083999086965,46.33283554065758,6744.156378473613,1.2991988186939225,0.0,0.0,1.0,inf,8762.0,inf,215.0,56.0,159.0,0.0,0.0,0.0,0.0,0.0,0.0
137.0,8841.0,24999.0,16158.0,8079.0,1.827621309806583,46.976140712558895,6932.734080938853,1.2752544518197824,0.0,0.0,1.0,inf,8841.0,inf,214.0,79.0,135.0,0.0,0.0,0.0,0.0,0.0,0.0
138.0,8900.0,25172.0,16272.0,8136.0,1.828314606741573,46.976140712558895,6932.734080938853,1.2837648027594235,0.0,0.0,1.0,inf,8900.0,inf,204.0,59.0,145.0,0.0,0.0,0.0,0.0,0.0,0.0
139.0,8954.0,25326.0,16372.0,8186.0,1.828456555729283,46.976140712558895,6932.734080938853,1.2915539375177392,0.0,0.0,1.0,inf,8954.0,inf,210.0,54.0,156.0,0.0,0.0,0.0,0.0,0.0,0.0
140.0,9012.0,25486.0,16474.0,8237.0,1.8280071016422548,46.976140712558895,6932.734080938853,1.299920045221115,0.0,0.0,1.0,inf,9012.0,inf,215.0,58.0,157.0,0.0,0.0,0.0,0.0,0.0,0.0
141.0,9088.0,25694.0,16606.0,8303.0,1.8272447183098592,46.976140712558895,6932.734080938853,1.310882531177263,0.0,0.0,1.0,inf,9088.0,inf,215.0,76.0,139.0,0.0,0.0,0.0,0.0,0.0,0.0
142.0,9153.0,25885.0,16732.0,8366.0,1.828034524199716,46.976140712558895,6932.734080938853,1.3202583415344946,0.0,0.0,1.0,inf,9153.0,inf,213.0,65.0,148.0,0.0,0.0,0.0,0.0,0.0,0.0
143.0,9227.0,26099.0,16872.0,8436.0,1.8285466565514252,46.976140712558895,6932.734080938853,1.3309323410181124,0.0,0.0,1.0,inf,9227.0,inf,216.0,74.0,142.0,0.0,0.0,0.0,0.0,0.0,0.0
144.0,9284.0,26256.0,16972.0,8486.0,1.8280913399396812,46.976140712558895,6932.734080938853,1.3391542054852232,0.0,0.0,1.0,inf,9284.0,inf,211.0,57.0,154.0,0.0,0.0,0.0,0.0,0.0,0.0
145.0,9342.0,26424.0,17082.0,8541.0,1.8285163776493256,46.976140712558895,6932.734080938853,1.3475203131885993,0.0,0.0,1.0,inf,9342.0,inf,216.0,58.0,158.0,0.0,0.0,0.0,0.0,0.0,0.0
146.0,9407.0,26609.0,17202.0,8601.0,1.8286382481131072,46.976140712558895,6932.734080938853,1.356896123545831,0.0,0.0,1.0,inf,9407.0,inf,216.0,65.0,151.0,0.0,0.0,0.0,0.0,0.0,0.0
147.0,9459.0,26759.0,17300.0,8650.0,1.828945977376044,46.976140712558895,6932.734080938853,1.3643967718316166,0.0,0.0,1.0,inf,9459.0,inf,217.0,52.0,165.0,0.0,0.0,0.0,0.0,0.0,0.0
148.0,9515.0,26915.0,17400.0,8700.0,1.8286915396741987,46.976140712558895,6932.734080938853,1.3724743930624623,0.0,0.0,1.0,inf,9515.0,inf,211.0,56.0,155.0,0.0,0.0,0.0,0.0,0.0,0.0
149.0,9573.0,27077.0,17504.0,8752.0,1.8284759218635747,46.976140712558895,6932.734080938853,1.3808405007658382,0.0,0.0,1.0,inf,9573.0,inf,216.0,58.0,158.0,0.0,0.0,0.0,0.0,0.0,0.0
150.0,9627.0,27229.0,17602.0,8801.0,1.828399293653267,46.976140712558895,6932.734080938853,1.3886296355241539,0.0,0.0,1.0,inf,9627.0,inf,211.0,54.0,157.0,0.0,0.0,0.0,0.0,0.0,0.0
151.0,9673.0,27355.0,17682.0,8841.0,1.8279747751473172,46.976140712558895,6932.734080938853,1.3952648243923487,0.0,0.0,1.0,inf,9673.0,inf,214.0,46.0,168.0,0.0,0.0,0.0,0.0,0.0,0.0
152.0,9722.0,27498.0,17776.0,8888.0,1.8284303641226085,46.976140712558895,6932.734080938853,1.4023327429693389,0.0,0.0,1.0,inf,9722.0,inf,218.0,49.0,169.0,0.0,0.0,0.0,0.0,0.0,0.0
153.0,9776.0,27648.0,17872.0,8936.0,1.8281505728314238,47.20677488602697,7000.975124766664,1.3963769083275848,0.0,0.0,1.0,inf,9776.0,inf,214.0,54.0,160.0,0.0,0.0,0.0,0.0,0.0,0.0
154.0,9828.0,27794.0,17966.0,8983.0,1.8280423280423281,47.20677488602697,7000.975124766664,1.403804445074008,0.0,0.0,1.0,inf,9828.0,inf,218.0,52.0,166.0,0.0,0.0,0.0,0.0,0.0,0.0
155.0,9881.0,27949.0,18068.0,9034.0,1.828559862362109,47.20677488602697,7000.975124766664,1.4113748190655548,0.0,0.0,1.0,inf,9881.0,inf,217.0,53.0,164.0,0.0,0.0,0.0,0.0,0.0,0.0
156.0,9946.0,28134.0,18188.0,9094.0,1.8286748441584557,47.20677488602697,7000.975124766664,1.420659239998584,0.0,0.0,1.0,inf,9946.0,inf,215.0,65.0,150.0,0.0,0.0,0.0,0.0,0.0,0.0
157.0,10005.0,28309.0,18304.0,9152.0,1.8294852573713143,48.20226310513417,7299.359112946385,1.370668279939098,0.0,0.0,1.0,inf,10005.0,inf,210.0,59.0,151.0,0.0,0.0,0.0,0.0,0.0,0.0
158.0,10061.0,28467.0,18406.0,9203.0,1.8294404134777855,48.20226310513417,7299.359112946385,1.3783401863535496,0.0,0.0,1.0,inf,10061.0,inf,214.0,56.0,158.0,0.0,0.0,0.0,0.0,0.0,0.0
159.0,10123.0,28639.0,18516.0,9258.0,1.829102044848365,48.20226310513417,7299.359112946385,1.3868340827409782,0.0,0.0,1.0,inf,10123.0,inf,215.0,62.0,153.0,0.0,0.0,0.0,0.0,0.0,0.0
160.0,10170.0,28778.0,18608.0,9304.0,1.8296951819075713,48.20226310513417,7299.359112946385,1.3932730041959644,0.0,0.0,1.0,inf,10170.0,inf,215.0,47.0,168.0,0.0,0.0,0.0,0.0,0.0,0.0
161.0,10235.0,28969.0,18734.0,9367.0,1.8303859306301906,48.44387614780666,7372.718341738824,1.388226095937651,0.0,0.0,1.0,inf,10235.0,inf,213.0,65.0,148.0,0.0,0.0,0.0,0.0,0.0,0.0
162.0,10295.0,29141.0,18846.0,9423.0,1.8305973773676543,48.624353066996925,7427.754568134341,1.38601779387897,0.0,0.0,1.0,inf,10295.0,inf,212.0,60.0,152.0,0.0,0.0,0.0,0.0,0.0,0.0
163.0,10356.0,29318.0,18962.0,9481.0,1.8310158362302047,48.624353066996925,7427.754568134341,1.394230235396854,0.0,0.0,1.0,inf,10356.0,inf,214.0,61.0,153.0,0.0,0.0,0.0,0.0,0.0,0.0
164.0,10415.0,29489.0,19074.0,9537.0,1.8313970235237638,48.66461095614805,7440.059081752275,1.399854475019447,0.0,0.0,1.0,inf,10415.0,inf,214.0,59.0,155.0,0.0,0.0,0.0,0.0,0.0,0.0
165.0,10474.0,29660.0,19186.0,9593.0,1.8317739163643307,48.66461095614805,7440.059081752275,1.4077845195730858,0.0,0.0,1.0,inf,10474.0,inf,210.0,59.0,151.0,0.0,0.0,0.0,0.0,0.0,0.0
166.0,10527.0,29815.0,19288.0,9644.0,1.8322409043412178,48.66461095614805,7440.059081752275,1.4149081189178798,0.0,0.0,1.0,inf,10527.0,inf,213.0,53.0,160.0,0.0,0.0,0.0,0.0,0.0,0.0
167.0,10585.0,29983.0,19398.0,9699.0,1.8325932923948984,48.66461095614805,7440.059081752275,1.422703755936711,0.0,0.0,1.0,inf,10585.0,inf,213.0,58.0,155.0,0.0,0.0,0.0,0.0,0.0,0.0
168.0,10642.0,30146.0,19504.0,9752.0,1.8327382071039278,48.66461095614805,7440.059081752275,1.430364985420735,0.0,0.0,1.0,inf,10642.0,inf,214.0,57.0,157.0,0.0,0.0,0.0,0.0,0.0,0.0
169.0,10712.0,30342.0,19630.0,9815.0,1.8325242718446602,48.66461095614805,7440.059081752275,1.4397735128572555,0.0,0.0,1.0,inf,10712.0,inf,215.0,70.0,145.0,0.0,0.0,0.0,0.0,0.0,0.0
170.0,10761.0,30479.0,19718.0,9859.0,1.832357587584797,48.66461095614805,7440.059081752275,1.4463594820628198,0.0,0.0,1.0,inf,10761.0,inf,213.0,49.0,164.0,0.0,0.0,0.0,0.0,0.0,0.0
171.0,10813.0,30625.0,19812.0,9906.0,1.8322389716082492,48.66461095614805,7440.059081752275,1.4533486738728065,0.0,0.0,1.0,inf,10813.0,inf,213.0,52.0,161.0,0.0,0.0,0.0,0.0,0.0,0.0
172.0,10850.0,30730.0,19880.0,9940.0,1.832258064516129,48.66461095614805,7440.059081752275,1.4583217526606818,0.0,0.0,1.0,inf,10850.0,inf,213.0,37.0,176.0,0.0,0.0,0.0,0.0,0.0,0.0
173.0,10912.0,30900.0,19988.0,9994.0,1.8317448680351907,48.854905655536406,7498.359021225105,1.4552517382952896,0.0,0.0,1.0,inf,10912.0,inf,218.0,62.0,156.0,0.0,0.0,0.0,0.0,0.0,0.0
174.0,10953.0,31021.0,20068.0,10034.0,1.832192093490368,48.854905655536406,7498.359021225105,1.4607196013149109,0.0,0.0,1.0,inf,10953.0,inf,212.0,41.0,171.0,0.0,0.0,0.0,0.0,0.0,0.0
175.0,11010.0,31180.0,20170.0,10085.0,1.83197093551317,48.854905655536406,7498.359021225105,1.4683212645373112,0.0,0.0,1.0,inf,11010.0,inf,219.0,57.0,162.0,0.0,0.0,0.0,0.0,0.0,0.0
176.0,11063.0,31333.0,20270.0,10135.0,1.832233571364006,48.854905655536406,7498.359021225105,1.4753894777090166,0.0,0.0,1.0,inf,11063.0,inf,215.0,53.0,162.0,0.0,0.0,0.0,0.0,0.0,0.0
177.0,11111.0,31475.0,20364.0,10182.0,1.8327783277832779,48.854905655536406,7498.359021225105,1.4817908783173537,0.0,0.0,1.0,inf,11111.0,inf,215.0,48.0,167.0,0.0,0.0,0.0,0.0,0.0,0.0
178.0,11164.0,31628.0,20464.0,10232.0,1.833034754568255,48.854905655536406,7498.359021225105,1.4888590914890591,0.0,0.0,1.0,inf,11164.0,inf,218.0,53.0,165.0,0.0,0.0,0.0,0.0,0.0,0.0
179.0,11211.0,31767.0,20556.0,10278.0,1.8335563286058336,48.854905655536406,7498.359021225105,1.4951271295847224,0.0,0.0,1.0,inf,11211.0,inf,217.0,47.0,170.0,0.0,0.0,0.0,0.0,0.0,0.0
180.0,11271.0,31939.0,20668.0,10334.0,1.8337325880578477,48.854905655536406,7498.359021225105,1.5031288803451437,0.0,0.0,1.0,inf,11271.0,inf,214.0,60.0,154.0,0.0,0.0,0.0,0.0,0.0,0.0
181.0,11325.0,32091.0,20766.0,10383.0,1.8336423841059604,49.14750695595975,7588.446180372249,1.4924003848498608,0.0,0.0,1.0,inf,11325.0,inf,220.0,54.0,166.0,0.0,0.0,0.0,0.0,0.0,0.0
182.0,11373.0,32229.0,20856.0,10428.0,1.8338169348456872,49.14750695595975,7588.446180372249,1.4987257904545224,0.0,0.0,1.0,inf,11373.0,inf,218.0,48.0,170.0,0.0,0.0,0.0,0.0,0.0,0.0
183.0,11434.0,32400.0,20966.0,10483.0,1.833654014343187,49.14750695595975,7588.446180372249,1.50676432674378,0.0,0.0,1.0,inf,11434.0,inf,215.0,61.0,154.0,0.0,0.0,0.0,0.0,0.0,0.0
184.0,11488.0,32550.0,21062.0,10531.0,1.8333913649025069,49.3847050129195,7661.8703818859585,1.4993727937710486,0.0,0.0,1.0,inf,11488.0,inf,214.0,54.0,160.0,0.0,0.0,0.0,0.0,0.0,0.0
185.0,11538.0,32688.0,21150.0,10575.0,1.8330733229329172,49.3847050129195,7661.8703818859585,1.5058986154709573,0.0,0.0,1.0,inf,11538.0,inf,217.0,50.0,167.0,0.0,0.0,0.0,0.0,0.0,0.0
186.0,11599.0,32861.0,21262.0,10631.0,1.8330890594016727,49.3847050129195,7661.8703818859585,1.513860117944846,0.0,0.0,1.0,inf,11599.0,inf,220.0,61.0,159.0,0.0,0.0,0.0,0.0,0.0,0.0
187.0,11650.0,33008.0,21358.0,10679.0,1.8333047210300428,49.562705268405956,7717.202198691766,1.5096144561269793,0.0,0.0,1.0,inf,11650.0,inf,218.0,51.0,167.0,0.0,0.0,0.0,0.0,0.0,0.0
188.0,11696.0,33138.0,21442.0,10721.0,1.8332763337893296,49.562705268405956,7717.202198691766,1.5155751655674807,0.0,0.0,1.0,inf,11696.0,inf,215.0,46.0,169.0,0.0,0.0,0.0,0.0,0.0,0.0
189.0,11753.0,33309.0,21556.0,10778.0,1.8340849144899174,49.562705268405956,7717.202198691766,1.5229612620481021,0.0,0.0,1.0,inf,11753.0,inf,213.0,57.0,156.0,0.0,0.0,0.0,0.0,0.0,0.0
190.0,11803.0,33453.0,21650.0,10825.0,1.834279420486317,49.562705268405956,7717.202198691766,1.529440294048647,0.0,0.0,1.0,inf,11803.0,inf,216.0,50.0,166.0,0.0,0.0,0.0,0.0,0.0,0.0
191.0,11839.0,33557.0,21718.0,10859.0,1.83444547681392,49.69806910437808,7759.413640321026,1.5257596190619105,0.0,0.0,1.0,inf,11839.0,inf,214.0,36.0,178.0,0.0,0.0,0.0,0.0,0.0,0.0
192.0,11884.0,33680.0,21796.0,10898.0,1.8340626051834399,49.69806910437808,7759.413640321026,1.5315590263478118,0.0,0.0,1.0,inf,11884.0,inf,216.0,45.0,171.0,0.0,0.0,0.0,0.0,0.0,0.0
193.0,11948.0,33862.0,21914.0,10957.0,1.8341144961499833,50.33486583236305,7959.53512075054,1.5010926918145655,0.0,0.0,1.0,inf,11948.0,inf,217.0,64.0,153.0,0.0,0.0,0.0,0.0,0.0,0.0
194.0,11998.0,34000.0,22002.0,11001.0,1.8338056342723787,50.33486583236305,7959.53512075054,1.5073744657173715,0.0,0.0,1.0,inf,11998.0,inf,212.0,50.0,162.0,0.0,0.0,0.0,0.0,0.0,0.0
195.0,12049.0,34141.0,22092.0,11046.0,1.8335131546186405,50.33486583236305,7959.53512075054,1.513781875098234,0.0,0.0,1.0,inf,12049.0,inf,216.0,51.0,165.0,0.0,0.0,0.0,0.0,0.0,0.0
196.0,12093.0,34267.0,22174.0,11087.0,1.8336227569668404,50.33486583236305,7959.53512075054,1.5193098361327033,0.0,0.0,1.0,inf,12093.0,inf,215.0,44.0,171.0,0.0,0.0,0.0,0.0,0.0,0.0
197.0,12145.0,34415.0,22270.0,11135.0,1.833676410045286,50.33486583236305,7959.53512075054,1.5258428809916218,0.0,0.0,1.0,inf,12145.0,inf,213.0,52.0,161.0,0.0,0.0,0.0,0.0,0.0,0.0
198.0,12195.0,34557.0,22362.0,11181.0,1.8337023370233703,50.33486583236305,7959.53512075054,1.5321246548944278,0.0,0.0,1.0,inf,12195.0,inf,216.0,50.0,166.0,0.0,0.0,0.0,0.0,0.0,0.0
199.0,12254.0,34730.0,22476.0,11238.0,1.8341765953974212,50.33486583236305,7959.53512075054,1.5395371480997393,0.0,0.0,1.0,inf,12254.0,inf,217.0,59.0,158.0,0.0,0.0,0.0,0.0,0.0,0.0
200.0,12313.0,34901.0,22588.0,11294.0,1.8344838788272557,50.33486583236305,7959.53512075054,1.5469496413050505,0.0,0.0,1.0,inf,12313.0,inf,214.0,59.0,155.0,0.0,0.0,0.0,0.0,0.0,0.0
201.0,12356.0,35018.0,22662.0,11331.0,1.8340887018452574,50.33486583236305,7959.53512075054,1.5523519668614638,0.0,0.0,1.0,inf,12356.0,inf,213.0,43.0,170.0,0.0,0.0,0.0,0.0,0.0,0.0
202.0,12413.0,35173.0,22760.0,11380.0,1.833561588657053,50.33486583236305,7959.53512075054,1.5595131891106628,0.0,0.0,1.0,inf,12413.0,inf,217.0,57.0,160.0,0.0,0.0,0.0,0.0,0.0,0.0
203.0,12461.0,35309.0,22848.0,11424.0,1.8335607094133697,50.33486583236305,7959.53512075054,1.5655436920573569,0.0,0.0,1.0,inf,12461.0,inf,213.0,48.0,165.0,0.0,0.0,0.0,0.0,0.0,0.0
204.0,12515.0,35463.0,22948.0,11474.0,1.8336396324410706,51.199043857732505,8235.189058603304,1.5196979584731667,0.0,0.0,1.0,inf,12515.0,inf,217.0,54.0,163.0,0.0,0.0,0.0,0.0,0.0,0.0
205.0,12561.0,35595.0,23034.0,11517.0,1.8337711965607835,51.199043857732505,8235.189058603304,1.5252837440176945,0.0,0.0,1.0,inf,12561.0,inf,215.0,46.0,169.0,0.0,0.0,0.0,0.0,0.0,0.0
206.0,12608.0,35728.0,23120.0,11560.0,1.833756345177665,51.199043857732505,8235.189058603304,1.5309909596827553,0.0,0.0,1.0,inf,12608.0,inf,211.0,47.0,164.0,0.0,0.0,0.0,0.0,0.0,0.0
207.0,12661.0,35879.0,23218.0,11609.0,1.83382039333386,51.199043857732505,8235.189058603304,1.5374267560710158,0.0,0.0,1.0,inf,12661.0,inf,217.0,53.0,164.0,0.0,0.0,0.0,0.0,0.0,0.0
208.0,12723.0,36055.0,23332.0,11666.0,1.8338442191307083,51.199043857732505,8235.189058603304,1.544955423544075,0.0,0.0,1.0,inf,12723.0,inf,216.0,62.0,154.0,0.0,0.0,0.0,0.0,0.0,0.0
209.0,12774.0,36202.0,23428.0,11714.0,1.8340378894629716,51.199043857732505,8235.189058603304,1.551148359691269,0.0,0.0,1.0,inf,12774.0,inf,215.0,51.0,164.0,0.0,0.0,0.0,0.0,0.0,0.0
210.0,12824.0,36344.0,23520.0,11760.0,1.834061135371179,51.199043857732505,8235.189058603304,1.5572198657179295,0.0,0.0,1.0,inf,12824.0,inf,216.0,50.0,166.0,0.0,0.0,0.0,0.0,0.0,0.0
211.0,12874.0,36480.0,23606.0,11803.0,1.8336181450986484,51.199043857732505,8235.189058603304,1.5632913717445902,0.0,0.0,1.0,inf,12874.0,inf,217.0,50.0,167.0,0.0,0.0,0.0,0.0,0.0,0.0
212.0,12935.0,36647.0,23712.0,11856.0,1.8331658291457287,51.199043857732505,8235.189058603304,1.5706986090971162,0.0,0.0,1.0,inf,12935.0,inf,217.0,61.0,156.0,0.0,0.0,0.0,0.0,0.0,0.0
213.0,12983.0,36785.0,23802.0,11901.0,1.8333204960332743,51.199043857732505,8235.189058603304,1.5765272548827105,0.0,0.0,1.0,inf,12983.0,inf,217.0,48.0,169.0,0.0,0.0,0.0,0.0,0.0,0.0
214.0,13034.0,36928.0,23894.0,11947.0,1.8332054626361822,51.199043857732505,8235.189058603304,1.5827201910299045,0.0,0.0,1.0,inf,13034.0,inf,218.0,51.0,167.0,0.0,0.0,0.0,0.0,0.0,0.0
215.0,13085.0,37075.0,23990.0,11995.0,1.8333970194879634,51.199043857732505,8235.189058603304,1.5889131271770982,0.0,0.0,1.0,inf,13085.0,inf,215.0,51.0,164.0,0.0,0.0,0.0,0.0,0.0,0.0
216.0,13132.0,37202.0,24070.0,12035.0,1.8329272007310387,51.199043857732505,8235.189058603304,1.5946203428421593,0.0,0.0,1.0,inf,13132.0,inf,218.0,47.0,171.0,0.0,0.0,0.0,0.0,0.0,0.0
217.0,13192.0,37370.0,24178.0,12089.0,1.8327774408732564,51.41232072861832,8303.941653813823,1.588643146829096,0.0,0.0,1.0,inf,13192.0,inf,217.0,60.0,157.0,0.0,0.0,0.0,0.0,0.0,0.0
218.0,13246.0,37528.0,24282.0,12141.0,1.8331571795258945,51.41232072861832,8303.941653813823,1.595146082693921,0.0,0.0,1.0,inf,13246.0,inf,211.0,54.0,157.0,0.0,0.0,0.0,0.0,0.0,0.0
219.0,13292.0,37664.0,24372.0,12186.0,1.8335841107433042,51.41232072861832,8303.941653813823,1.6006856206528461,0.0,0.0,1.0,inf,13292.0,inf,217.0,46.0,171.0,0.0,0.0,0.0,0.0,0.0,0.0
220.0,13333.0,37779.0,24446.0,12223.0,1.833495837395935,51.67950820438615,8390.476338221944,1.5890635361502543,0.0,0.0,1.0,inf,13333.0,inf,213.0,41.0,172.0,0.0,0.0,0.0,0.0,0.0,0.0
221.0,13388.0,37932.0,24544.0,12272.0,1.8332835374962653,51.67950820438615,8390.476338221944,1.595618587113148,0.0,0.0,1.0,inf,13388.0,inf,216.0,55.0,161.0,0.0,0.0,0.0,0.0,0.0,0.0
222.0,13436.0,38064.0,24628.0,12314.0,1.832986007740399,51.77571323391333,8421.744335432264,1.5953939546076672,0.0,0.0,1.0,inf,13436.0,inf,214.0,48.0,166.0,0.0,0.0,0.0,0.0,0.0,0.0
223.0,13487.0,38203.0,24716.0,12358.0,1.8325795210202418,51.77571323391333,8421.744335432264,1.601449707189164,0.0,0.0,1.0,inf,13487.0,inf,217.0,51.0,166.0,0.0,0.0,0.0,0.0,0.0,0.0
224.0,13545.0,38371.0,24826.0,12413.0,1.8328534514581025,52.427947381971435,8635.26326386132,1.5685682747723497,0.0,0.0,1.0,inf,13545.0,inf,214.0,58.0,156.0,0.0,0.0,0.0,0.0,0.0,0.0
225.0,13600.0,38532.0,24932.0,12466.0,1.833235294117647,52.72816939300454,8734.443912094115,1.557053904847773,0.0,0.0,1.0,inf,13600.0,inf,215.0,55.0,160.0,0.0,0.0,0.0,0.0,0.0,0.0
226.0,13662.0,38714.0,25052.0,12526.0,1.8336993119601814,52.72816939300454,8734.443912094115,1.5641522388257554,0.0,0.0,1.0,inf,13662.0,inf,213.0,62.0,151.0,0.0,0.0,0.0,0.0,0.0,0.0
227.0,13709.0,38849.0,25140.0,12570.0,1.833831789335473,52.72816939300454,8734.443912094115,1.569533233938097,0.0,0.0,1.0,inf,13709.0,inf,212.0,47.0,165.0,0.0,0.0,0.0,0.0,0.0,0.0
228.0,13748.0,38960.0,25212.0,12606.0,1.8338667442537095,52.72816939300454,8734.443912094115,1.5739983149887633,0.0,0.0,1.0,inf,13748.0,inf,216.0,39.0,177.0,0.0,0.0,0.0,0.0,0.0,0.0
229.0,13806.0,39118.0,25312.0,12656.0,1.8334057656091554,52.72816939300454,8734.443912094115,1.5806386919359083,0.0,0.0,1.0,inf,13806.0,inf,219.0,58.0,161.0,0.0,0.0,0.0,0.0,0.0,0.0
230.0,13861.0,39277.0,25416.0,12708.0,1.8336339369453862,52.893864023343234,8789.424937007798,1.577008746230755,0.0,0.0,1.0,inf,13861.0,inf,216.0,55.0,161.0,0.0,0.0,0.0,0.0,0.0,0.0
231.0,13917.0,39437.0,25520.0,12760.0,1.8337285334483007,52.893864023343234,8789.424937007798,1.5833800390515416,0.0,0.0,1.0,inf,13917.0,inf,216.0,56.0,160.0,0.0,0.0,0.0,0.0,0.0,0.0
232.0,13986.0,39634.0,25648.0,12824.0,1.8338338338338338,52.893864023343234,8789.424937007798,1.5912303819914393,0.0,0.0,1.0,inf,13986.0,inf,215.0,69.0,146.0,0.0,0.0,0.0,0.0,0.0,0.0
233.0,14037.0,39781.0,25744.0,12872.0,1.8340101161216784,52.893864023343234,8789.424937007798,1.5970328093817985,0.0,0.0,1.0,inf,14037.0,inf,215.0,51.0,164.0,0.0,0.0,0.0,0.0,0.0,0.0
234.0,14084.0,39916.0,25832.0,12916.0,1.834138028969043,52.893864023343234,8789.424937007798,1.6023801444278156,0.0,0.0,1.0,inf,14084.0,inf,218.0,47.0,171.0,0.0,0.0,0.0,0.0,0.0,0.0
235.0,14133.0,40057.0,25924.0,12962.0,1.8342885445411448,52.893864023343234,8789.424937007798,1.607955025646004,0.0,0.0,1.0,inf,14133.0,inf,219.0,49.0,170.0,0.0,0.0,0.0,0.0,0.0,0.0
236.0,14183.0,40195.0,26012.0,13006.0,1.834026651625185,52.893864023343234,8789.424937007798,1.6136436799502776,0.0,0.0,1.0,inf,14183.0,inf,218.0,50.0,168.0,0.0,0.0,0.0,0.0,0.0,0.0
237.0,14234.0,40348.0,26114.0,13057.0,1.8346213292117466,52.893864023343234,8789.424937007798,1.6194461073406368,0.0,0.0,1.0,inf,14234.0,inf,217.0,51.0,166.0,0.0,0.0,0.0,0.0,0.0,0.0
238.0,14290.0,40508.0,26218.0,13109.0,1.8347095871238628,52.893864023343234,8789.424937007798,1.6258174001614234,0.0,0.0,1.0,inf,14290.0,inf,216.0,56.0,160.0,0.0,0.0,0.0,0.0,0.0,0.0
239.0,14340.0,40650.0,26310.0,13155.0,1.8347280334728033,52.893864023343234,8789.424937007798,1.631506054465697,0.0,0.0,1.0,inf,14340.0,inf,217.0,50.0,167.0,0.0,0.0,0.0,0.0,0.0,0.0
240.0,14399.0,40817.0,26418.0,13209.0,1.834710743801653,52.893864023343234,8789.424937007798,1.63821866654474,0.0,0.0,1.0,inf,14399.0,inf,218.0,59.0,159.0,0.0,0.0,0.0,0.0,0.0,0.0
241.0,14442.0,40944.0,26502.0,13251.0,1.8350643955130868,52.893864023343234,8789.424937007798,1.6431109092464153,0.0,0.0,1.0,inf,14442.0,inf,215.0,43.0,172.0,0.0,0.0,0.0,0.0,0.0,0.0
242.0,14489.0,41079.0,26590.0,13295.0,1.835185312996066,52.893864023343234,8789.424937007798,1.6484582442924327,0.0,0.0,1.0,inf,14489.0,inf,218.0,47.0,171.0,0.0,0.0,0.0,0.0,0.0,0.0
243.0,14534.0,41208.0,26674.0,13337.0,1.8352827851933398,52.893864023343234,8789.424937007798,1.653578033166279,0.0,0.0,1.0,inf,14534.0,inf,214.0,45.0,169.0,0.0,0.0,0.0,0.0,0.0,0.0
244.0,14580.0,41340.0,26760.0,13380.0,1.8353909465020577,53.74050711051861,9073.051858741701,1.6069565375571468,0.0,0.0,1.0,inf,14580.0,inf,217.0,46.0,171.0,0.0,0.0,0.0,0.0,0.0,0.0
245.0,14637.0,41505.0,26868.0,13434.0,1.8356220536995287,53.74050711051861,9073.051858741701,1.6132388779303128,0.0,0.0,1.0,inf,14637.0,inf,215.0,57.0,158.0,0.0,0.0,0.0,0.0,0.0,0.0
246.0,14685.0,41639.0,26954.0,13477.0,1.835478379298604,53.74050711051861,9073.051858741701,1.618529269823505,0.0,0.0,1.0,inf,14685.0,inf,216.0,48.0,168.0,0.0,0.0,0.0,0.0,0.0,0.0
247.0,14738.0,41790.0,27052.0,13526.0,1.835527208576469,53.74050711051861,9073.051858741701,1.6243707442055715,0.0,0.0,1.0,inf,14738.0,inf,216.0,53.0,163.0,0.0,0.0,0.0,0.0,0.0,0.0
248.0,14796.0,41958.0,27162.0,13581.0,1.8357664233576643,53.74050711051861,9073.051858741701,1.6307633010765121,0.0,0.0,1.0,inf,14796.0,inf,218.0,58.0,160.0,0.0,0.0,0.0,0.0,0.0,0.0
249.0,14851.0,42117.0,27266.0,13633.0,1.8359706417076291,53.84509758226802,9108.402407488926,1.6304725390469696,0.0,0.0,1.0,inf,14851.0,inf,216.0,55.0,161.0,0.0,0.0,0.0,0.0,0.0,0.0
250.0,14898.0,42254.0,27356.0,13678.0,1.836219626795543,53.84509758226802,9108.402407488926,1.635632609704515,0.0,0.0,1.0,inf,14898.0,inf,217.0,47.0,170.0,0.0,0.0,0.0,0.0,0.0,0.0
251.0,14949.0,42403.0,27454.0,13727.0,1.8365108033982207,54.041619131296535,9175.010658154157,1.6293169083911956,0.0,0.0,1.0,inf,14949.0,inf,216.0,51.0,165.0,0.0,0.0,0.0,0.0,0.0,0.0
252.0,15013.0,42581.0,27568.0,13784.0,1.8362752281356158,54.041619131296535,9175.010658154157,1.6362923771273676,0.0,0.0,1.0,inf,15013.0,inf,220.0,64.0,156.0,0.0,0.0,0.0,0.0,0.0,0.0
253.0,15067.0,42733.0,27666.0,13833.0,1.8361983141965885,54.041619131296535,9175.010658154157,1.642177928873513,0.0,0.0,1.0,inf,15067.0,inf,215.0,54.0,161.0,0.0,0.0,0.0,0.0,0.0,0.0
254.0,15122.0,42890.0,27768.0,13884.0,1.8362650443063087,54.041619131296535,9175.010658154157,1.6481724723186608,0.0,0.0,1.0,inf,15122.0,inf,215.0,55.0,160.0,0.0,0.0,0.0,0.0,0.0,0.0
255.0,15175.0,43045.0,27870.0,13935.0,1.8365733113673806,54.041619131296535,9175.010658154157,1.6539490323658033,0.0,0.0,1.0,inf,15175.0,inf,217.0,53.0,164.0,0.0,0.0,0.0,0.0,0.0,0.0
256.0,15227.0,43195.0,27968.0,13984.0,1.8367373744007356,54.041619131296535,9175.010658154157,1.6596166007139432,0.0,0.0,1.0,inf,15227.0,inf,216.0,52.0,164.0,0.0,0.0,0.0,0.0,0.0,0.0
257.0,15278.0,43342.0,28064.0,14032.0,1.8368896452415238,54.24894539878265,9245.544058222737,1.6524717100246968,0.0,0.0,1.0,inf,15278.0,inf,220.0,51.0,169.0,0.0,0.0,0.0,0.0,0.0,0.0
258.0,15346.0,43528.0,28182.0,14091.0,1.8364394630522611,54.24894539878265,9245.544058222737,1.659826604401034,0.0,0.0,1.0,inf,15346.0,inf,218.0,68.0,150.0,0.0,0.0,0.0,0.0,0.0,0.0
259.0,15409.0,43705.0,28296.0,14148.0,1.836329417872672,54.24894539878265,9245.544058222737,1.6666406977202874,0.0,0.0,1.0,inf,15409.0,inf,214.0,63.0,151.0,0.0,0.0,0.0,0.0,0.0,0.0
260.0,15458.0,43844.0,28386.0,14193.0,1.836330702548842,54.24894539878265,9245.544058222737,1.671940548079707,0.0,0.0,1.0,inf,15458.0,inf,214.0,49.0,165.0,0.0,0.0,0.0,0.0,0.0,0.0
261.0,15516.0,44006.0,28490.0,14245.0,1.8361691157514823,54.24894539878265,9245.544058222737,1.678213840341877,0.0,0.0,1.0,inf,15516.0,inf,218.0,58.0,160.0,0.0,0.0,0.0,0.0,0.0,0.0
262.0,15568.0,44158.0,28590.0,14295.0,1.8364594039054472,54.43656170231344,9309.604817799343,1.6722514332976866,0.0,0.0,1.0,inf,15568.0,inf,217.0,52.0,165.0,0.0,0.0,0.0,0.0,0.0,0.0
263.0,15633.0,44331.0,28698.0,14349.0,1.835732105162157,54.43656170231344,9309.604817799343,1.6792334697291067,0.0,0.0,1.0,inf,15633.0,inf,215.0,65.0,150.0,0.0,0.0,0.0,0.0,0.0,0.0
264.0,15695.0,44505.0,28810.0,14405.0,1.8356164383561644,54.43656170231344,9309.604817799343,1.6858932583252306,0.0,0.0,1.0,inf,15695.0,inf,216.0,62.0,154.0,0.0,0.0,0.0,0.0,0.0,0.0
265.0,15760.0,44686.0,28926.0,14463.0,1.8354060913705583,54.43656170231344,9309.604817799343,1.6928752947566508,0.0,0.0,1.0,inf,15760.0,inf,213.0,65.0,148.0,0.0,0.0,0.0,0.0,0.0,0.0
266.0,15816.0,44846.0,29030.0,14515.0,1.8354830551340415,54.43656170231344,9309.604817799343,1.698890587682182,0.0,0.0,1.0,inf,15816.0,inf,212.0,56.0,156.0,0.0,0.0,0.0,0.0,0.0,0.0
267.0,15863.0,44973.0,29110.0,14555.0,1.8350879404904494,54.43656170231344,9309.604817799343,1.7039391371018244,0.0,0.0,1.0,inf,15863.0,inf,216.0,47.0,169.0,0.0,0.0,0.0,0.0,0.0,0.0
268.0,15912.0,45108.0,29196.0,14598.0,1.834841628959276,54.43656170231344,9309.604817799343,1.7092025184116642,0.0,0.0,1.0,inf,15912.0,inf,219.0,49.0,170.0,0.0,0.0,0.0,0.0,0.0,0.0
269.0,15968.0,45270.0,29302.0,14651.0,1.8350450901803608,54.43656170231344,9309.604817799343,1.7152178113371954,0.0,0.0,1.0,inf,15968.0,inf,217.0,56.0,161.0,0.0,0.0,0.0,0.0,0.0,0.0
270.0,16014.0,45394.0,29380.0,14690.0,1.8346446858998375,54.43656170231344,9309.604817799343,1.720158944811739,0.0,0.0,1.0,inf,16014.0,inf,214.0,46.0,168.0,0.0,0.0,0.0,0.0,0.0,0.0
271.0,16074.0,45568.0,29494.0,14747.0,1.8348886400398159,54.43656170231344,9309.604817799343,1.7266039015176653,0.0,0.0,1.0,inf,16074.0,inf,219.0,60.0,159.0,0.0,0.0,0.0,0.0,0.0,0.0
272.0,16135.0,45743.0,29608.0,14804.0,1.8350170436938333,54.43656170231344,9309.604817799343,1.7331562741686903,0.0,0.0,1.0,inf,16135.0,inf,216.0,61.0,155.0,0.0,0.0,0.0,0.0,0.0,0.0
273.0,16192.0,45914.0,29722.0,14861.0,1.8355978260869565,54.938159390567314,9481.959210907711,1.707663958454208,0.0,0.0,1.0,inf,16192.0,inf,215.0,57.0,158.0,0.0,0.0,0.0,0.0,0.0,0.0
274.0,16242.0,46060.0,29818.0,14909.0,1.8358576529983992,54.938159390567314,9481.959210907711,1.7129371302626757,0.0,0.0,1.0,inf,16242.0,inf,214.0,50.0,164.0,0.0,0.0,0.0,0.0,0.0,0.0
275.0,16293.0,46211.0,29918.0,14959.0,1.8362486957589148,55.132459558136894,9549.147635253012,1.7062255839306966,0.0,0.0,1.0,inf,16293.0,inf,217.0,51.0,166.0,0.0,0.0,0.0,0.0,0.0,0.0
276.0,16347.0,46363.0,30016.0,15008.0,1.8361778919679452,55.132459558136894,9549.147635253012,1.711880538913343,0.0,0.0,1.0,inf,16347.0,inf,217.0,54.0,163.0,0.0,0.0,0.0,0.0,0.0,0.0
277.0,16398.0,46508.0,30110.0,15055.0,1.836199536528845,55.132459558136894,9549.147635253012,1.7172213297302867,0.0,0.0,1.0,inf,16398.0,inf,215.0,51.0,164.0,0.0,0.0,0.0,0.0,0.0,0.0
278.0,16448.0,46650.0,30202.0,15101.0,1.8362110894941635,55.132459558136894,9549.147635253012,1.7224573991586631,0.0,0.0,1.0,inf,16448.0,inf,218.0,50.0,168.0,0.0,0.0,0.0,0.0,0.0,0.0
279.0,16504.0,46802.0,30298.0,15149.0,1.8357973824527387,55.132459558136894,9549.147635253012,1.7283217969184446,0.0,0.0,1.0,inf,16504.0,inf,215.0,56.0,159.0,0.0,0.0,0.0,0.0,0.0,0.0
280.0,16557.0,46947.0,30390.0,15195.0,1.835477441565501,55.132459558136894,9549.147635253012,1.7338720305125233,0.0,0.0,1.0,inf,16557.0,inf,218.0,53.0,165.0,0.0,0.0,0.0,0.0,0.0,0.0
281.0,16608.0,47082.0,30474.0,15237.0,1.8348988439306357,55.132459558136894,9549.147635253012,1.739212821329467,0.0,0.0,1.0,inf,16608.0,inf,216.0,51.0,165.0,0.0,0.0,0.0,0.0,0.0,0.0
282.0,16653.0,47213.0,30560.0,15280.0,1.835104785924458,55.132459558136894,9549.147635253012,1.7439252838150059,0.0,0.0,1.0,inf,16653.0,inf,218.0,45.0,173.0,0.0,0.0,0.0,0.0,0.0,0.0
283.0,16703.0,47357.0,30654.0,15327.0,1.8352391785906723,55.132459558136894,9549.147635253012,1.749161353243382,0.0,0.0,1.0,inf,16703.0,inf,218.0,50.0,168.0,0.0,0.0,0.0,0.0,0.0,0.0
284.0,16758.0,47506.0,30748.0,15374.0,1.8348251581334287,55.132459558136894,9549.147635253012,1.754921029614596,0.0,0.0,1.0,inf,16758.0,inf,219.0,55.0,164.0,0.0,0.0,0.0,0.0,0.0,0.0
285.0,16820.0,47678.0,30858.0,15429.0,1.8346016646848988,55.132459558136894,9549.147635253012,1.7614137557057825,0.0,0.0,1.0,inf,16820.0,inf,218.0,62.0,156.0,0.0,0.0,0.0,0.0,0.0,0.0
286.0,16874.0,47830.0,30956.0,15478.0,1.8345383430129192,55.132459558136894,9549.147635253012,1.767068710688429,0.0,0.0,1.0,inf,16874.0,inf,219.0,54.0,165.0,0.0,0.0,0.0,0.0,0.0,0.0
287.0,16924.0,47970.0,31046.0,15523.0,1.834436303474356,55.132459558136894,9549.147635253012,1.7723047801168053,0.0,0.0,1.0,inf,16924.0,inf,216.0,50.0,166.0,0.0,0.0,0.0,0.0,0.0,0.0
288.0,16983.0,48141.0,31158.0,15579.0,1.8346581875993642,55.132459558136894,9549.147635253012,1.7784833420422892,0.0,0.0,1.0,inf,16983.0,inf,217.0,59.0,158.0,0.0,0.0,0.0,0.0,0.0,0.0
289.0,17027.0,48259.0,31232.0,15616.0,1.8342632289892524,55.132459558136894,9549.147635253012,1.7830910831392603,0.0,0.0,1.0,inf,17027.0,inf,217.0,44.0,173.0,0.0,0.0,0.0,0.0,0.0,0.0
290.0,17066.0,48368.0,31302.0,15651.0,1.8341732098910113,55.132459558136894,9549.147635253012,1.787175217293394,0.0,0.0,1.0,inf,17066.0,inf,220.0,39.0,181.0,0.0,0.0,0.0,0.0,0.0,0.0
291.0,17102.0,48472.0,31370.0,15685.0,1.8342883873231202,55.132459558136894,9549.147635253012,1.790945187281825,0.0,0.0,1.0,inf,17102.0,inf,219.0,36.0,183.0,0.0,0.0,0.0,0.0,0.0,0.0
292.0,17143.0,48591.0,31448.0,15724.0,1.834451379571837,55.132459558136894,9549.147635253012,1.7952387642130934,0.0,0.0,1.0,inf,17143.0,inf,220.0,41.0,179.0,0.0,0.0,0.0,0.0,0.0,0.0
293.0,17191.0,48723.0,31532.0,15766.0,1.8342155779186784,55.132459558136894,9549.147635253012,1.8002653908643347,0.0,0.0,1.0,inf,17191.0,inf,220.0,48.0,172.0,0.0,0.0,0.0,0.0,0.0,0.0
294.0,17228.0,48830.0,31602.0,15801.0,1.8343394474111911,55.132459558136894,9549.147635253012,1.8041400822413332,0.0,0.0,1.0,inf,17228.0,inf,218.0,37.0,181.0,0.0,0.0,0.0,0.0,0.0,0.0
295.0,17270.0,48944.0,31674.0,15837.0,1.834047481181239,55.132459558136894,9549.147635253012,1.8085383805611692,0.0,0.0,1.0,inf,17270.0,inf,215.0,42.0,173.0,0.0,0.0,0.0,0.0,0.0,0.0
296.0,17310.0,49060.0,31750.0,15875.0,1.8341998844598497,55.132459558136894,9549.147635253012,1.8127272361038702,0.0,0.0,1.0,inf,17310.0,inf,217.0,40.0,177.0,0.0,0.0,0.0,0.0,0.0,0.0
297.0,17356.0,49186.0,31830.0,15915.0,1.8339479142659598,55.22741613577025,9582.069629067193,1.8112997162273379,0.0,0.0,1.0,inf,17356.0,inf,220.0,46.0,174.0,0.0,0.0,0.0,0.0,0.0,0.0
298.0,17402.0,49310.0,31908.0,15954.0,1.8335823468566832,55.22741613577025,9582.069629067193,1.8161003492618193,0.0,0.0,1.0,inf,17402.0,inf,215.0,46.0,169.0,0.0,0.0,0.0,0.0,0.0,0.0
299.0,17450.0,49452.0,32002.0,16001.0,1.8339255014326648,55.354445493434824,9626.200029855312,1.812761000797766,0.0,0.0,1.0,inf,17450.0,inf,218.0,48.0,170.0,0.0,0.0,0.0,0.0,0.0,0.0
300.0,17492.0,49570.0,32078.0,16039.0,1.8338669105876972,55.354445493434824,9626.200029855312,1.8171240931779096,0.0,0.0,1.0,inf,17492.0,inf,217.0,42.0,175.0,0.0,0.0,0.0,0.0,0.0,0.0
301.0,17532.0,49686.0,32154.0,16077.0,1.8340177960301163,55.354445493434824,9626.200029855312,1.8212794192542368,0.0,0.0,1.0,inf,17532.0,inf,217.0,40.0,177.0,0.0,0.0,0.0,0.0,0.0,0.0
302.0,17579.0,49817.0,32238.0,16119.0,1.8338927128960691,55.354445493434824,9626.200029855312,1.8261619273939214,0.0,0.0,1.0,inf,17579.0,inf,218.0,47.0,171.0,0.0,0.0,0.0,0.0,0.0,0.0
303.0,17622.0,49940.0,32318.0,16159.0,1.8339575530586767,55.354445493434824,9626.200029855312,1.8306289029259732,0.0,0.0,1.0,inf,17622.0,inf,218.0,43.0,175.0,0.0,0.0,0.0,0.0,0.0,0.0
304.0,17668.0,50072.0,32404.0,16202.0,1.834050260357709,55.354445493434824,9626.200029855312,1.8354075279137494,0.0,0.0,1.0,inf,17668.0,inf,219.0,46.0,173.0,0.0,0.0,0.0,0.0,0.0,0.0
305.0,17722.0,50224.0,32502.0,16251.0,1.833991648798104,55.354445493434824,9626.200029855312,1.8410172181167912,0.0,0.0,1.0,inf,17722.0,inf,219.0,54.0,165.0,0.0,0.0,0.0,0.0,0.0,0.0
306.0,17773.0,50369.0,32596.0,16298.0,1.834017892308558,55.354445493434824,9626.200029855312,1.8463152588641085,0.0,0.0,1.0,inf,17773.0,inf,220.0,51.0,169.0,0.0,0.0,0.0,0.0,0.0,0.0
307.0,17812.0,50484.0,32672.0,16336.0,1.834269032113182,55.354445493434824,9626.200029855312,1.8503667017885277,0.0,0.0,1.0,inf,17812.0,inf,214.0,39.0,175.0,0.0,0.0,0.0,0.0,0.0,0.0
308.0,17847.0,50583.0,32736.0,16368.0,1.8342578584636073,55.39946141763042,9641.863035292083,1.850990823523906,0.0,0.0,1.0,inf,17847.0,inf,219.0,35.0,184.0,0.0,0.0,0.0,0.0,0.0,0.0
309.0,17880.0,50676.0,32796.0,16398.0,1.834228187919463,55.39946141763042,9641.863035292083,1.8544133985884148,0.0,0.0,1.0,inf,17880.0,inf,220.0,33.0,187.0,0.0,0.0,0.0,0.0,0.0,0.0
310.0,17927.0,50813.0,32886.0,16443.0,1.8344396720031237,56.30995716656146,9961.397410915395,1.7996471037643915,0.0,0.0,1.0,inf,17927.0,inf,218.0,47.0,171.0,0.0,0.0,0.0,0.0,0.0,0.0
311.0,17962.0,50916.0,32954.0,16477.0,1.8346509297405633,56.30995716656146,9961.397410915395,1.8031606670282816,0.0,0.0,1.0,inf,17962.0,inf,217.0,35.0,182.0,0.0,0.0,0.0,0.0,0.0,0.0
312.0,18016.0,51074.0,33058.0,16529.0,1.834924511545293,56.30995716656146,9961.397410915395,1.8085815932068545,0.0,0.0,1.0,inf,18016.0,inf,219.0,54.0,165.0,0.0,0.0,0.0,0.0,0.0,0.0
313.0,18061.0,51207.0,33146.0,16573.0,1.8352250705940978,56.30995716656146,9961.397410915395,1.8130990316889986,0.0,0.0,1.0,inf,18061.0,inf,217.0,45.0,172.0,0.0,0.0,0.0,0.0,0.0,0.0
314.0,18113.0,51357.0,33244.0,16622.0,1.835366863578645,56.30995716656146,9961.397410915395,1.8183191828239207,0.0,0.0,1.0,inf,18113.0,inf,219.0,52.0,167.0,0.0,0.0,0.0,0.0,0.0,0.0
315.0,18148.0,51454.0,33306.0,16653.0,1.835243553008596,56.30995716656146,9961.397410915395,1.8218327460878105,0.0,0.0,1.0,inf,18148.0,inf,217.0,35.0,182.0,0.0,0.0,0.0,0.0,0.0,0.0
316.0,18199.0,51595.0,33396.0,16698.0,1.8350458816418485,56.30995716656146,9961.397410915395,1.8269525097009072,0.0,0.0,1.0,inf,18199.0,inf,216.0,51.0,165.0,0.0,0.0,0.0,0.0,0.0,0.0
317.0,18232.0,51690.0,33458.0,16729.0,1.8351250548486178,56.30995716656146,9961.397410915395,1.8302652979211462,0.0,0.0,1.0,inf,18232.0,inf,219.0,33.0,186.0,0.0,0.0,0.0,0.0,0.0,0.0
318.0,18280.0,51832.0,33552.0,16776.0,1.8354485776805252,56.30995716656146,9961.397410915395,1.8350838989687666,0.0,0.0,1.0,inf,18280.0,inf,220.0,48.0,172.0,0.0,0.0,0.0,0.0,0.0,0.0
319.0,18326.0,51960.0,33634.0,16817.0,1.835315944559642,56.30995716656146,9961.397410915395,1.839701724972736,0.0,0.0,1.0,inf,18326.0,inf,219.0,46.0,173.0,0.0,0.0,0.0,0.0,0.0,0.0
320.0,18381.0,52121.0,33740.0,16870.0,1.8355910995049236,56.30995716656146,9961.397410915395,1.8452230386731345,0.0,0.0,1.0,inf,18381.0,inf,215.0,55.0,160.0,0.0,0.0,0.0,0.0,0.0,0.0
321.0,18427.0,52255.0,33828.0,16914.0,1.8357844467357682,56.30995716656146,9961.397410915395,1.849840864677104,0.0,0.0,1.0,inf,18427.0,inf,217.0,46.0,171.0,0.0,0.0,0.0,0.0,0.0,0.0
322.0,18468.0,52366.0,33898.0,16949.0,1.8354992419319904,56.30995716656146,9961.397410915395,1.8539567530719465,0.0,0.0,1.0,inf,18468.0,inf,219.0,41.0,178.0,0.0,0.0,0.0,0.0,0.0,0.0
323.0,18515.0,52507.0,33992.0,16996.0,1.8359168241965973,56.30995716656146,9961.397410915395,1.8586749665977413,0.0,0.0,1.0,inf,18515.0,inf,217.0,47.0,170.0,0.0,0.0,0.0,0.0,0.0,0.0
324.0,18549.0,52597.0,34048.0,17024.0,1.835570650708933,56.30995716656146,9961.397410915395,1.862088142339806,0.0,0.0,1.0,inf,18549.0,inf,218.0,34.0,184.0,0.0,0.0,0.0,0.0,0.0,0.0
325.0,18593.0,52719.0,34126.0,17063.0,1.8354219329855321,56.30995716656146,9961.397410915395,1.8665051933001247,0.0,0.0,1.0,inf,18593.0,inf,217.0,44.0,173.0,0.0,0.0,0.0,0.0,0.0,0.0
326.0,18644.0,52864.0,34220.0,17110.0,1.8354430379746836,56.30995716656146,9961.397410915395,1.8716249569132213,0.0,0.0,1.0,inf,18644.0,inf,218.0,51.0,167.0,0.0,0.0,0.0,0.0,0.0,0.0
327.0,18679.0,52965.0,34286.0,17143.0,1.8355372343273195,56.30995716656146,9961.397410915395,1.8751385201771111,0.0,0.0,1.0,inf,18679.0,inf,218.0,35.0,183.0,0.0,0.0,0.0,0.0,0.0,0.0
328.0,18721.0,53085.0,34364.0,17182.0,1.8355857058917793,56.30995716656146,9961.397410915395,1.8793547960937789,0.0,0.0,1.0,inf,18721.0,inf,218.0,42.0,176.0,0.0,0.0,0.0,0.0,0.0,0.0
329.0,18757.0,53181.0,34424.0,17212.0,1.8352615023724477,56.30995716656146,9961.397410915395,1.8829687468794942,0.0,0.0,1.0,inf,18757.0,inf,219.0,36.0,183.0,0.0,0.0,0.0,0.0,0.0,0.0
330.0,18791.0,53277.0,34486.0,17243.0,1.8352402745995424,56.30995716656146,9961.397410915395,1.8863819226215588,0.0,0.0,1.0,inf,18791.0,inf,218.0,34.0,184.0,0.0,0.0,0.0,0.0,0.0,0.0
331.0,18832.0,53392.0,34560.0,17280.0,1.8351741716227699,56.30995716656146,9961.397410915395,1.890497811016401,0.0,0.0,1.0,inf,18832.0,inf,220.0,41.0,179.0,0.0,0.0,0.0,0.0,0.0,0.0
332.0,18871.0,53503.0,34632.0,17316.0,1.8351968629113455,56.30995716656146,9961.397410915395,1.8944129243675927,0.0,0.0,1.0,inf,18871.0,inf,219.0,39.0,180.0,0.0,0.0,0.0,0.0,0.0,0.0
333.0,18912.0,53624.0,34712.0,17356.0,1.8354483925549916,56.30995716656146,9961.397410915395,1.8985288127624351,0.0,0.0,1.0,inf,18912.0,inf,218.0,41.0,177.0,0.0,0.0,0.0,0.0,0.0,0.0
334.0,18955.0,53747.0,34792.0,17396.0,1.8355051437615404,56.30995716656146,9961.397410915395,1.9028454762009284,0.0,0.0,1.0,inf,18955.0,inf,218.0,43.0,175.0,0.0,0.0,0.0,0.0,0.0,0.0
335.0,18989.0,53837.0,34848.0,17424.0,1.835167728685028,56.30995716656146,9961.397410915395,1.906258651942993,0.0,0.0,1.0,inf,18989.0,inf,218.0,34.0,184.0,0.0,0.0,0.0,0.0,0.0,0.0
336.0,19032.0,53958.0,34926.0,17463.0,1.8351197982345524,56.30995716656146,9961.397410915395,1.9105753153814862,0.0,0.0,1.0,inf,19032.0,inf,216.0,43.0,173.0,0.0,0.0,0.0,0.0,0.0,0.0
337.0,19072.0,54068.0,34996.0,17498.0,1.8349412751677852,56.390168899147355,9989.797007556133,1.9091479021619984,0.0,0.0,1.0,inf,19072.0,inf,216.0,40.0,176.0,0.0,0.0,0.0,0.0,0.0,0.0
338.0,19114.0,54186.0,35072.0,17536.0,1.8348854242963273,56.81618389760429,10141.308494648863,1.8847666462454666,0.0,0.0,1.0,inf,19114.0,inf,218.0,42.0,176.0,0.0,0.0,0.0,0.0,0.0,0.0
339.0,19151.0,54291.0,35140.0,17570.0,1.8348911284006058,56.81618389760429,10141.308494648863,1.8884150906271284,0.0,0.0,1.0,inf,19151.0,inf,215.0,37.0,178.0,0.0,0.0,0.0,0.0,0.0,0.0
340.0,19209.0,54459.0,35250.0,17625.0,1.8350773075121036,56.81618389760429,10141.308494648863,1.8941342737118954,0.0,0.0,1.0,inf,19209.0,inf,216.0,58.0,158.0,0.0,0.0,0.0,0.0,0.0,0.0
341.0,19253.0,54587.0,35334.0,17667.0,1.8352464550979068,56.81618389760429,10141.308494648863,1.8984729643279254,0.0,0.0,1.0,inf,19253.0,inf,217.0,44.0,173.0,0.0,0.0,0.0,0.0,0.0,0.0
342.0,19302.0,54724.0,35422.0,17711.0,1.835146616930888,56.81618389760429,10141.308494648863,1.9033046879685045,0.0,0.0,1.0,inf,19302.0,inf,220.0,49.0,171.0,0.0,0.0,0.0,0.0,0.0,0.0
343.0,19344.0,54844.0,35500.0,17750.0,1.8351943755169562,56.81618389760429,10141.308494648863,1.9074461653747152,0.0,0.0,1.0,inf,19344.0,inf,218.0,42.0,176.0,0.0,0.0,0.0,0.0,0.0,0.0
344.0,19386.0,54968.0,35582.0,17791.0,1.8354482616321057,56.93389807828669,10183.374413062142,1.9036911748166419,0.0,0.0,1.0,inf,19386.0,inf,219.0,42.0,177.0,0.0,0.0,0.0,0.0,0.0,0.0
345.0,19428.0,55076.0,35648.0,17824.0,1.8348774963969527,56.93389807828669,10183.374413062142,1.907815544430915,0.0,0.0,1.0,inf,19428.0,inf,218.0,42.0,176.0,0.0,0.0,0.0,0.0,0.0,0.0
346.0,19464.0,55182.0,35718.0,17859.0,1.8350801479654748,56.93389807828669,10183.374413062142,1.9113507183860063,0.0,0.0,1.0,inf,19464.0,inf,220.0,36.0,184.0,0.0,0.0,0.0,0.0,0.0,0.0
347.0,19509.0,55305.0,35796.0,17898.0,1.8348454559434106,57.28805248738639,10310.45877067912,1.8921563466680733,0.0,0.0,1.0,inf,19509.0,inf,218.0,45.0,173.0,0.0,0.0,0.0,0.0,0.0,0.0
348.0,19560.0,55450.0,35890.0,17945.0,1.8348670756646217,57.28805248738639,10310.45877067912,1.8971027802976839,0.0,0.0,1.0,inf,19560.0,inf,218.0,51.0,167.0,0.0,0.0,0.0,0.0,0.0,0.0
349.0,19595.0,55547.0,35952.0,17976.0,1.8347537637152336,57.28805248738639,10310.45877067912,1.9004973916121224,0.0,0.0,1.0,inf,19595.0,inf,216.0,35.0,181.0,0.0,0.0,0.0,0.0,0.0,0.0
350.0,19631.0,55651.0,36020.0,18010.0,1.834853038561459,57.28805248738639,10310.45877067912,1.9039889918212594,0.0,0.0,1.0,inf,19631.0,inf,217.0,36.0,181.0,0.0,0.0,0.0,0.0,0.0,0.0
351.0,19677.0,55783.0,36106.0,18053.0,1.8349341871220206,57.28805248738639,10310.45877067912,1.9084504809773786,0.0,0.0,1.0,inf,19677.0,inf,217.0,46.0,171.0,0.0,0.0,0.0,0.0,0.0,0.0
352.0,19721.0,55911.0,36190.0,18095.0,1.8350996399776887,57.28805248738639,10310.45877067912,1.9127179923441013,0.0,0.0,1.0,inf,19721.0,inf,218.0,44.0,174.0,0.0,0.0,0.0,0.0,0.0,0.0
353.0,19775.0,56063.0,36288.0,18144.0,1.8350442477876105,57.28805248738639,10310.45877067912,1.9179553926578068,0.0,0.0,1.0,inf,19775.0,inf,218.0,54.0,164.0,0.0,0.0,0.0,0.0,0.0,0.0
354.0,19816.0,56182.0,36366.0,18183.0,1.8351836899475171,57.28805248738639,10310.45877067912,1.9219319373404347,0.0,0.0,1.0,inf,19816.0,inf,219.0,41.0,178.0,0.0,0.0,0.0,0.0,0.0,0.0
355.0,19854.0,56286.0,36432.0,18216.0,1.8349954669084316,57.28805248738639,10310.45877067912,1.925617515338968,0.0,0.0,1.0,inf,19854.0,inf,219.0,38.0,181.0,0.0,0.0,0.0,0.0,0.0,0.0
356.0,19895.0,56403.0,36508.0,18254.0,1.835033928122644,57.28805248738639,10310.45877067912,1.9295940600215962,0.0,0.0,1.0,inf,19895.0,inf,220.0,41.0,179.0,0.0,0.0,0.0,0.0,0.0,0.0
357.0,19935.0,56519.0,36584.0,18292.0,1.8351642839227489,57.28805248738639,10310.45877067912,1.933473615809526,0.0,0.0,1.0,inf,19935.0,inf,216.0,40.0,176.0,0.0,0.0,0.0,0.0,0.0,0.0
358.0,19966.0,56604.0,36638.0,18319.0,1.835019533206451,57.28805248738639,10310.45877067912,1.9364802715451717,0.0,0.0,1.0,inf,19966.0,inf,220.0,31.0,189.0,0.0,0.0,0.0,0.0,0.0,0.0
359.0,20006.0,56722.0,36716.0,18358.0,1.8352494251724483,57.28805248738639,10310.45877067912,1.9403598273331015,0.0,0.0,1.0,inf,20006.0,inf,220.0,40.0,180.0,0.0,0.0,0.0,0.0,0.0,0.0
360.0,20059.0,56871.0,36812.0,18406.0,1.8351862007079116,57.64628660239367,10439.808825562435,1.9213953373249955,0.0,0.0,1.0,inf,20059.0,inf,218.0,53.0,165.0,0.0,0.0,0.0,0.0,0.0,0.0
361.0,20100.0,56992.0,36892.0,18446.0,1.8354228855721393,57.64628660239367,10439.808825562435,1.9253226123053198,0.0,0.0,1.0,inf,20100.0,inf,217.0,41.0,176.0,0.0,0.0,0.0,0.0,0.0,0.0
362.0,20153.0,57149.0,36996.0,18498.0,1.8357564630576093,57.64628660239367,10439.808825562435,1.9303993336213487,0.0,0.0,1.0,inf,20153.0,inf,220.0,53.0,167.0,0.0,0.0,0.0,0.0,0.0,0.0
363.0,20190.0,57252.0,37062.0,18531.0,1.8356612184249628,57.64628660239367,10439.808825562435,1.9339434598231047,0.0,0.0,1.0,inf,20190.0,inf,219.0,37.0,182.0,0.0,0.0,0.0,0.0,0.0,0.0
364.0,20230.0,57362.0,37132.0,18566.0,1.8354918437963421,57.64628660239367,10439.808825562435,1.937774947608787,0.0,0.0,1.0,inf,20230.0,inf,219.0,40.0,179.0,0.0,0.0,0.0,0.0,0.0,0.0
365.0,20273.0,57485.0,37212.0,18606.0,1.8355448132984757,57.64628660239367,10439.808825562435,1.9418937969783954,0.0,0.0,1.0,inf,20273.0,inf,218.0,43.0,175.0,0.0,0.0,0.0,0.0,0.0,0.0
366.0,20303.0,57567.0,37264.0,18632.0,1.8353937841698271,57.64628660239367,10439.808825562435,1.944767412817657,0.0,0.0,1.0,inf,20303.0,inf,218.0,30.0,188.0,0.0,0.0,0.0,0.0,0.0,0.0
367.0,20348.0,57682.0,37334.0,18667.0,1.8347749164537055,57.64628660239367,10439.808825562435,1.9490778365765495,0.0,0.0,1.0,inf,20348.0,inf,219.0,45.0,174.0,0.0,0.0,0.0,0.0,0.0,0.0
368.0,20384.0,57788.0,37404.0,18702.0,1.8349686028257457,57.64628660239367,10439.808825562435,1.9525261755836636,0.0,0.0,1.0,inf,20384.0,inf,215.0,36.0,179.0,0.0,0.0,0.0,0.0,0.0,0.0
369.0,20422.0,57898.0,37476.0,18738.0,1.83507981588483,57.64628660239367,10439.808825562435,1.9561660889800616,0.0,0.0,1.0,inf,20422.0,inf,218.0,38.0,180.0,0.0,0.0,0.0,0.0,0.0,0.0
370.0,20460.0,57998.0,37538.0,18769.0,1.8347018572825025,57.64628660239367,10439.808825562435,1.9598060023764599,0.0,0.0,1.0,inf,20460.0,inf,219.0,38.0,181.0,0.0,0.0,0.0,0.0,0.0,0.0
371.0,20500.0,58116.0,37616.0,18808.0,1.8349268292682928,57.64628660239367,10439.808825562435,1.963637490162142,0.0,0.0,1.0,inf,20500.0,inf,218.0,40.0,178.0,0.0,0.0,0.0,0.0,0.0,0.0
372.0,20538.0,58224.0,37686.0,18843.0,1.8349401110137307,57.80305178494529,10496.666741050818,1.9566211357057857,0.0,0.0,1.0,inf,20538.0,inf,217.0,38.0,179.0,0.0,0.0,0.0,0.0,0.0,0.0
373.0,20570.0,58316.0,37746.0,18873.0,1.8350024307243558,57.80305178494529,10496.666741050818,1.9596697225371513,0.0,0.0,1.0,inf,20570.0,inf,218.0,32.0,186.0,0.0,0.0,0.0,0.0,0.0,0.0
374.0,20616.0,58448.0,37832.0,18916.0,1.8350795498641832,57.80305178494529,10496.666741050818,1.9640520661072391,0.0,0.0,1.0,inf,20616.0,inf,218.0,46.0,172.0,0.0,0.0,0.0,0.0,0.0,0.0
375.0,20651.0,58537.0,37886.0,18943.0,1.8345842816328508,57.80305178494529,10496.666741050818,1.9673864579540452,0.0,0.0,1.0,inf,20651.0,inf,219.0,35.0,184.0,0.0,0.0,0.0,0.0,0.0,0.0
376.0,20690.0,58640.0,37950.0,18975.0,1.834219429676172,57.80305178494529,10496.666741050818,1.971101923154772,0.0,0.0,1.0,inf,20690.0,inf,219.0,39.0,180.0,0.0,0.0,0.0,0.0,0.0,0.0
377.0,20727.0,58743.0,38016.0,19008.0,1.8341293964394267,57.92721756107896,10541.810606633462,1.9661707816072393,0.0,0.0,1.0,inf,20727.0,inf,220.0,37.0,183.0,0.0,0.0,0.0,0.0,0.0,0.0
378.0,20775.0,58873.0,38098.0,19049.0,1.8338387484957883,57.92721756107896,10541.810606633462,1.9707240791185603,0.0,0.0,1.0,inf,20775.0,inf,220.0,48.0,172.0,0.0,0.0,0.0,0.0,0.0,0.0
379.0,20815.0,58979.0,38164.0,19082.0,1.8334854672111458,57.92721756107896,10541.810606633462,1.9745184937113276,0.0,0.0,1.0,inf,20815.0,inf,216.0,40.0,176.0,0.0,0.0,0.0,0.0,0.0,0.0
380.0,20856.0,59098.0,38242.0,19121.0,1.833621020329881,57.92721756107896,10541.810606633462,1.978407768668914,0.0,0.0,1.0,inf,20856.0,inf,220.0,41.0,179.0,0.0,0.0,0.0,0.0,0.0,0.0
381.0,20905.0,59237.0,38332.0,19166.0,1.8336283185840707,57.92721756107896,10541.810606633462,1.9830559265450542,0.0,0.0,1.0,inf,20905.0,inf,215.0,49.0,166.0,0.0,0.0,0.0,0.0,0.0,0.0
382.0,20948.0,59360.0,38412.0,19206.0,1.8336834065304564,57.92721756107896,10541.810606633462,1.9871349222322792,0.0,0.0,1.0,inf,20948.0,inf,219.0,43.0,176.0,0.0,0.0,0.0,0.0,0.0,0.0
383.0,20996.0,59490.0,38494.0,19247.0,1.8333968374928558,57.92721756107896,10541.810606633462,1.9916882197435999,0.0,0.0,1.0,inf,20996.0,inf,220.0,48.0,172.0,0.0,0.0,0.0,0.0,0.0,0.0
384.0,21034.0,59602.0,38568.0,19284.0,1.8336027384235047,57.92721756107896,10541.810606633462,1.995292913606729,0.0,0.0,1.0,inf,21034.0,inf,219.0,38.0,181.0,0.0,0.0,0.0,0.0,0.0,0.0
385.0,21069.0,59705.0,38636.0,19318.0,1.83378423275903,57.92721756107896,10541.810606633462,1.9986130263754005,0.0,0.0,1.0,inf,21069.0,inf,219.0,35.0,184.0,0.0,0.0,0.0,0.0,0.0,0.0
386.0,21107.0,59813.0,38706.0,19353.0,1.8337992135310561,57.92721756107896,10541.810606633462,2.0022177202385296,0.0,0.0,1.0,inf,21107.0,inf,219.0,38.0,181.0,0.0,0.0,0.0,0.0,0.0,0.0
387.0,21158.0,59956.0,38798.0,19399.0,1.8337271953870877,57.92721756107896,10541.810606633462,2.0070555988443077,0.0,0.0,1.0,inf,21158.0,inf,217.0,51.0,166.0,0.0,0.0,0.0,0.0,0.0,0.0
388.0,21196.0,60058.0,38862.0,19431.0,1.8334591432345726,57.92721756107896,10541.810606633462,2.010660292707437,0.0,0.0,1.0,inf,21196.0,inf,220.0,38.0,182.0,0.0,0.0,0.0,0.0,0.0,0.0
389.0,21232.0,60162.0,38930.0,19465.0,1.833553127354936,57.92721756107896,10541.810606633462,2.0140752658409276,0.0,0.0,1.0,inf,21232.0,inf,220.0,36.0,184.0,0.0,0.0,0.0,0.0,0.0,0.0
390.0,21272.0,60278.0,39006.0,19503.0,1.8336780744640842,57.92721756107896,10541.810606633462,2.017869680433695,0.0,0.0,1.0,inf,21272.0,inf,217.0,40.0,177.0,0.0,0.0,0.0,0.0,0.0,0.0
391.0,21312.0,60394.0,39082.0,19541.0,1.8338025525525525,57.92721756107896,10541.810606633462,2.021664095026462,0.0,0.0,1.0,inf,21312.0,inf,219.0,40.0,179.0,0.0,0.0,0.0,0.0,0.0,0.0
392.0,21349.0,60497.0,39148.0,19574.0,1.8337158649117056,57.92721756107896,10541.810606633462,2.0251739285247723,0.0,0.0,1.0,inf,21349.0,inf,220.0,37.0,183.0,0.0,0.0,0.0,0.0,0.0,0.0
393.0,21384.0,60598.0,39214.0,19607.0,1.8338009726898616,57.92721756107896,10541.810606633462,2.0284940412934436,0.0,0.0,1.0,inf,21384.0,inf,220.0,35.0,185.0,0.0,0.0,0.0,0.0,0.0,0.0
394.0,21425.0,60715.0,39290.0,19645.0,1.8338389731621938,57.92721756107896,10541.810606633462,2.03238331625103,0.0,0.0,1.0,inf,21425.0,inf,220.0,41.0,179.0,0.0,0.0,0.0,0.0,0.0,0.0
395.0,21464.0,60826.0,39362.0,19681.0,1.83386134923593,57.92721756107896,10541.810606633462,2.036082870478978,0.0,0.0,1.0,inf,21464.0,inf,218.0,39.0,179.0,0.0,0.0,0.0,0.0,0.0,0.0
396.0,21498.0,60918.0,39420.0,19710.0,1.8336589450181413,57.92721756107896,10541.810606633462,2.0393081228828307,0.0,0.0,1.0,inf,21498.0,inf,218.0,34.0,184.0,0.0,0.0,0.0,0.0,0.0,0.0
397.0,21531.0,61013.0,39482.0,19741.0,1.833728112953416,57.92721756107896,10541.810606633462,2.0424385149218636,0.0,0.0,1.0,inf,21531.0,inf,220.0,33.0,187.0,0.0,0.0,0.0,0.0,0.0,0.0
398.0,21562.0,61098.0,39536.0,19768.0,1.8335961413597996,57.92721756107896,10541.810606633462,2.0453791862312585,0.0,0.0,1.0,inf,21562.0,inf,218.0,31.0,187.0,0.0,0.0,0.0,0.0,0.0,0.0
399.0,21600.0,61206.0,39606.0,19803.0,1.833611111111111,57.92721756107896,10541.810606633462,2.0489838800943874,0.0,0.0,1.0,inf,21600.0,inf,220.0,38.0,182.0,0.0,0.0,0.0,0.0,0.0,0.0
400.0,21632.0,61296.0,39664.0,19832.0,1.8335798816568047,58.022522397761726,10576.526999399868,2.0452838631459493,0.0,0.0,1.0,inf,21632.0,inf,218.0,32.0,186.0,0.0,0.0,0.0,0.0,0.0,0.0
401.0,21673.0,61415.0,39742.0,19871.0,1.833710146264938,58.69469096408116,10822.996384660904,2.0024953561581587,0.0,0.0,1.0,inf,21673.0,inf,218.0,41.0,177.0,0.0,0.0,0.0,0.0,0.0,0.0
402.0,21707.0,61507.0,39800.0,19900.0,1.8335099276731008,58.69469096408116,10822.996384660904,2.0056368152136366,0.0,0.0,1.0,inf,21707.0,inf,215.0,34.0,181.0,0.0,0.0,0.0,0.0,0.0,0.0
403.0,21750.0,61634.0,39884.0,19942.0,1.8337471264367815,58.69469096408116,10822.996384660904,2.0096098369602706,0.0,0.0,1.0,inf,21750.0,inf,219.0,43.0,176.0,0.0,0.0,0.0,0.0,0.0,0.0
404.0,21781.0,61723.0,39942.0,19971.0,1.8338001010054634,58.69469096408116,10822.996384660904,2.01247410845203,0.0,0.0,1.0,inf,21781.0,inf,217.0,31.0,186.0,0.0,0.0,0.0,0.0,0.0,0.0
405.0,21823.0,61847.0,40024.0,20012.0,1.834028318746277,58.69469096408116,10822.996384660904,2.0163547343440915,0.0,0.0,1.0,inf,21823.0,inf,220.0,42.0,178.0,0.0,0.0,0.0,0.0,0.0,0.0
406.0,21862.0,61956.0,40094.0,20047.0,1.8339584667459519,58.69469096408116,10822.996384660904,2.019958172672434,0.0,0.0,1.0,inf,21862.0,inf,220.0,39.0,181.0,0.0,0.0,0.0,0.0,0.0,0.0
407.0,21899.0,62061.0,40162.0,20081.0,1.8339650212338463,58.69469096408116,10822.996384660904,2.023376819291631,0.0,0.0,1.0,inf,21899.0,inf,217.0,37.0,180.0,0.0,0.0,0.0,0.0,0.0,0.0
408.0,21940.0,62176.0,40236.0,20118.0,1.8339106654512307,58.69469096408116,10822.996384660904,2.027165049329119,0.0,0.0,1.0,inf,21940.0,inf,217.0,41.0,176.0,0.0,0.0,0.0,0.0,0.0,0.0
409.0,21981.0,62287.0,40306.0,20153.0,1.833674537100223,58.69469096408116,10822.996384660904,2.0309532793666074,0.0,0.0,1.0,inf,21981.0,inf,216.0,41.0,175.0,0.0,0.0,0.0,0.0,0.0,0.0
410.0,22015.0,62381.0,40366.0,20183.0,1.833568021803316,58.69469096408116,10822.996384660904,2.0340947384220858,0.0,0.0,1.0,inf,22015.0,inf,216.0,34.0,182.0,0.0,0.0,0.0,0.0,0.0,0.0
411.0,22052.0,62486.0,40434.0,20217.0,1.8335751859241791,58.69469096408116,10822.996384660904,2.0375133850412825,0.0,0.0,1.0,inf,22052.0,inf,219.0,37.0,182.0,0.0,0.0,0.0,0.0,0.0,0.0
412.0,22085.0,62577.0,40492.0,20246.0,1.8334616255376952,58.69469096408116,10822.996384660904,2.040562448242188,0.0,0.0,1.0,inf,22085.0,inf,220.0,33.0,187.0,0.0,0.0,0.0,0.0,0.0,0.0
413.0,22128.0,62700.0,40572.0,20286.0,1.8335140997830803,59.13764112659158,10986.968202420938,2.014022393832375,0.0,0.0,1.0,inf,22128.0,inf,218.0,43.0,175.0,0.0,0.0,0.0,0.0,0.0,0.0
414.0,22156.0,62784.0,40628.0,20314.0,1.833724499007041,59.13764112659158,10986.968202420938,2.0165708675772818,0.0,0.0,1.0,inf,22156.0,inf,212.0,28.0,184.0,0.0,0.0,0.0,0.0,0.0,0.0
415.0,22187.0,62873.0,40686.0,20343.0,1.8337765358092577,59.13764112659158,10986.968202420938,2.019392392080572,0.0,0.0,1.0,inf,22187.0,inf,219.0,31.0,188.0,0.0,0.0,0.0,0.0,0.0,0.0
416.0,22224.0,62982.0,40758.0,20379.0,1.833963282937365,59.13764112659158,10986.968202420938,2.022760018100628,0.0,0.0,1.0,inf,22224.0,inf,219.0,37.0,182.0,0.0,0.0,0.0,0.0,0.0,0.0
417.0,22263.0,63097.0,40834.0,20417.0,1.8341643084939137,59.13764112659158,10986.968202420938,2.0263096779596057,0.0,0.0,1.0,inf,22263.0,inf,219.0,39.0,180.0,0.0,0.0,0.0,0.0,0.0,0.0
418.0,22301.0,63203.0,40902.0,20451.0,1.8340881574817274,59.13764112659158,10986.968202420938,2.0297683208991226,0.0,0.0,1.0,inf,22301.0,inf,219.0,38.0,181.0,0.0,0.0,0.0,0.0,0.0,0.0
419.0,22330.0,63284.0,40954.0,20477.0,1.8340349305866548,59.32360966357984,11056.177694351474,2.019685339482943,0.0,0.0,1.0,inf,22330.0,inf,219.0,29.0,190.0,0.0,0.0,0.0,0.0,0.0,0.0
420.0,22373.0,63401.0,41028.0,20514.0,1.8338175479372458,59.32360966357984,11056.177694351474,2.0235745678572274,0.0,0.0,1.0,inf,22373.0,inf,219.0,43.0,176.0,0.0,0.0,0.0,0.0,0.0,0.0
421.0,22418.0,63526.0,41108.0,20554.0,1.833705058435186,59.32360966357984,11056.177694351474,2.0276446905745016,0.0,0.0,1.0,inf,22418.0,inf,220.0,45.0,175.0,0.0,0.0,0.0,0.0,0.0,0.0
422.0,22456.0,63636.0,41180.0,20590.0,1.8338083363021018,59.32360966357984,11056.177694351474,2.031081683091311,0.0,0.0,1.0,inf,22456.0,inf,219.0,38.0,181.0,0.0,0.0,0.0,0.0,0.0,0.0
423.0,22496.0,63752.0,41256.0,20628.0,1.8339260312944523,59.39609506722722,11083.212499400985,2.029736414529257,0.0,0.0,1.0,inf,22496.0,inf,218.0,40.0,178.0,0.0,0.0,0.0,0.0,0.0,0.0
424.0,22538.0,63868.0,41330.0,20665.0,1.83379181826249,59.39609506722722,11083.212499400985,2.0335259295279338,0.0,0.0,1.0,inf,22538.0,inf,217.0,42.0,175.0,0.0,0.0,0.0,0.0,0.0,0.0
425.0,22572.0,63962.0,41390.0,20695.0,1.8336877547403863,59.39609506722722,11083.212499400985,2.03659363214591,0.0,0.0,1.0,inf,22572.0,inf,220.0,34.0,186.0,0.0,0.0,0.0,0.0,0.0,0.0
426.0,22608.0,64058.0,41450.0,20725.0,1.833421797593772,59.39609506722722,11083.212499400985,2.039841787859061,0.0,0.0,1.0,inf,22608.0,inf,218.0,36.0,182.0,0.0,0.0,0.0,0.0,0.0,0.0
427.0,22649.0,64171.0,41522.0,20761.0,1.8332818225970242,59.61239205324726,11164.080792194445,2.0287384534009667,0.0,0.0,1.0,inf,22649.0,inf,217.0,41.0,176.0,0.0,0.0,0.0,0.0,0.0,0.0
428.0,22691.0,64289.0,41598.0,20799.0,1.8332378476047773,59.61239205324726,11164.080792194445,2.032500518615451,0.0,0.0,1.0,inf,22691.0,inf,219.0,42.0,177.0,0.0,0.0,0.0,0.0,0.0,0.0
429.0,22731.0,64405.0,41674.0,20837.0,1.8333553297259249,59.61239205324726,11164.080792194445,2.03608343786734,0.0,0.0,1.0,inf,22731.0,inf,219.0,40.0,179.0,0.0,0.0,0.0,0.0,0.0,0.0
430.0,22763.0,64495.0,41732.0,20866.0,1.8333260115099064,59.61239205324726,11164.080792194445,2.0389497732688513,0.0,0.0,1.0,inf,22763.0,inf,219.0,32.0,187.0,0.0,0.0,0.0,0.0,0.0,0.0
431.0,22798.0,64596.0,41798.0,20899.0,1.8334064391613298,59.61239205324726,11164.080792194445,2.042084827614254,0.0,0.0,1.0,inf,22798.0,inf,219.0,35.0,184.0,0.0,0.0,0.0,0.0,0.0,0.0
432.0,22841.0,64721.0,41880.0,20940.0,1.8335449411146623,59.61239205324726,11164.080792194445,2.045936465810035,0.0,0.0,1.0,inf,22841.0,inf,218.0,43.0,175.0,0.0,0.0,0.0,0.0,0.0,0.0
433.0,22889.0,64851.0,41962.0,20981.0,1.8332823627069772,59.61239205324726,11164.080792194445,2.050235968912302,0.0,0.0,1.0,inf,22889.0,inf,217.0,48.0,169.0,0.0,0.0,0.0,0.0,0.0,0.0
434.0,22925.0,64957.0,42032.0,21016.0,1.8334569247546346,59.61239205324726,11164.080792194445,2.0534605962390025,0.0,0.0,1.0,inf,22925.0,inf,219.0,36.0,183.0,0.0,0.0,0.0,0.0,0.0,0.0
435.0,22973.0,65091.0,42118.0,21059.0,1.8333696078004613,59.61239205324726,11164.080792194445,2.0577600993412695,0.0,0.0,1.0,inf,22973.0,inf,219.0,48.0,171.0,0.0,0.0,0.0,0.0,0.0,0.0
436.0,23014.0,65212.0,42198.0,21099.0,1.8335795602676632,59.61239205324726,11164.080792194445,2.061432591574456,0.0,0.0,1.0,inf,23014.0,inf,218.0,41.0,177.0,0.0,0.0,0.0,0.0,0.0,0.0
437.0,23046.0,65300.0,42254.0,21127.0,1.8334635077670745,59.61239205324726,11164.080792194445,2.0642989269759675,0.0,0.0,1.0,inf,23046.0,inf,218.0,32.0,186.0,0.0,0.0,0.0,0.0,0.0,0.0
438.0,23086.0,65418.0,42332.0,21166.0,1.8336654249328597,60.48933509816511,11494.960789579254,2.0083583078359513,0.0,0.0,1.0,inf,23086.0,inf,219.0,40.0,179.0,0.0,0.0,0.0,0.0,0.0,0.0
439.0,23129.0,65535.0,42406.0,21203.0,1.833455834666436,60.48933509816511,11494.960789579254,2.0120990774468384,0.0,0.0,1.0,inf,23129.0,inf,218.0,43.0,175.0,0.0,0.0,0.0,0.0,0.0,0.0
440.0,23174.0,65664.0,42490.0,21245.0,1.8335203245015965,60.48933509816511,11494.960789579254,2.016013836341953,0.0,0.0,1.0,inf,23174.0,inf,215.0,45.0,170.0,0.0,0.0,0.0,0.0,0.0,0.0
441.0,23206.0,65754.0,42548.0,21274.0,1.8334913384469533,60.48933509816511,11494.960789579254,2.0187976648895902,0.0,0.0,1.0,inf,23206.0,inf,217.0,32.0,185.0,0.0,0.0,0.0,0.0,0.0,0.0
442.0,23242.0,65850.0,42608.0,21304.0,1.8332329403665777,60.48933509816511,11494.960789579254,2.021929472005682,0.0,0.0,1.0,inf,23242.0,inf,220.0,36.0,184.0,0.0,0.0,0.0,0.0,0.0,0.0
443.0,23273.0,65935.0,42662.0,21331.0,1.8331113307265932,60.48933509816511,11494.960789579254,2.0246263059112057,0.0,0.0,1.0,inf,23273.0,inf,220.0,31.0,189.0,0.0,0.0,0.0,0.0,0.0,0.0
444.0,23323.0,66075.0,42752.0,21376.0,1.8330403464391374,60.48933509816511,11494.960789579254,2.0289760380168884,0.0,0.0,1.0,inf,23323.0,inf,219.0,50.0,169.0,0.0,0.0,0.0,0.0,0.0,0.0
445.0,23361.0,66181.0,42820.0,21410.0,1.8329694790462736,60.48933509816511,11494.960789579254,2.0322818344172076,0.0,0.0,1.0,inf,23361.0,inf,217.0,38.0,179.0,0.0,0.0,0.0,0.0,0.0,0.0
446.0,23409.0,66319.0,42910.0,21455.0,1.8330556623520868,60.48933509816511,11494.960789579254,2.0364575772386635,0.0,0.0,1.0,inf,23409.0,inf,218.0,48.0,170.0,0.0,0.0,0.0,0.0,0.0,0.0
447.0,23452.0,66446.0,42994.0,21497.0,1.833276479617943,60.48933509816511,11494.960789579254,2.0401983468495506,0.0,0.0,1.0,inf,23452.0,inf,217.0,43.0,174.0,0.0,0.0,0.0,0.0,0.0,0.0
448.0,23492.0,66560.0,43068.0,21534.0,1.8333049548782565,60.48933509816511,11494.960789579254,2.043678132534097,0.0,0.0,1.0,inf,23492.0,inf,219.0,40.0,179.0,0.0,0.0,0.0,0.0,0.0,0.0
449.0,23519.0,66637.0,43118.0,21559.0,1.8333262468642375,60.48933509816511,11494.960789579254,2.0460269878711657,0.0,0.0,1.0,inf,23519.0,inf,219.0,27.0,192.0,0.0,0.0,0.0,0.0,0.0,0.0
450.0,23556.0,66742.0,43186.0,21593.0,1.8333333333333333,60.48933509816511,11494.960789579254,2.049245789629371,0.0,0.0,1.0,inf,23556.0,inf,216.0,37.0,179.0,0.0,0.0,0.0,0.0,0.0,0.0
451.0,23589.0,66829.0,43240.0,21620.0,1.833057781169189,60.48933509816511,11494.960789579254,2.052116612819122,0.0,0.0,1.0,inf,23589.0,inf,220.0,33.0,187.0,0.0,0.0,0.0,0.0,0.0,0.0
452.0,23631.0,66947.0,43316.0,21658.0,1.8330159536202446,60.52221400500286,11507.46033050447,2.053537385426212,0.0,0.0,1.0,inf,23631.0,inf,218.0,42.0,176.0,0.0,0.0,0.0,0.0,0.0,0.0
453.0,23671.0,67051.0,43380.0,21690.0,1.8326221959359554,60.52221400500286,11507.46033050447,2.057013391325964,0.0,0.0,1.0,inf,23671.0,inf,217.0,40.0,177.0,0.0,0.0,0.0,0.0,0.0,0.0
454.0,23712.0,67164.0,43452.0,21726.0,1.83248987854251,60.52221400500286,11507.46033050447,2.0605762973732102,0.0,0.0,1.0,inf,23712.0,inf,219.0,41.0,178.0,0.0,0.0,0.0,0.0,0.0,0.0
455.0,23751.0,67277.0,43526.0,21763.0,1.8325965222516947,60.52221400500286,11507.46033050447,2.063965403125469,0.0,0.0,1.0,inf,23751.0,inf,219.0,39.0,180.0,0.0,0.0,0.0,0.0,0.0,0.0
456.0,23786.0,67378.0,43592.0,21796.0,1.8326746825863953,60.52221400500286,11507.46033050447,2.0670069082877522,0.0,0.0,1.0,inf,23786.0,inf,217.0,35.0,182.0,0.0,0.0,0.0,0.0,0.0,0.0
457.0,23835.0,67517.0,43682.0,21841.0,1.8326830291588,60.52221400500286,11507.46033050447,2.0712650155149492,0.0,0.0,1.0,inf,23835.0,inf,218.0,49.0,169.0,0.0,0.0,0.0,0.0,0.0,0.0
458.0,23880.0,67644.0,43764.0,21882.0,1.8326633165829145,61.22889318887961,11777.759736216882,2.0275502756749613,0.0,0.0,1.0,inf,23880.0,inf,218.0,45.0,173.0,0.0,0.0,0.0,0.0,0.0,0.0
459.0,23917.0,67755.0,43838.0,21919.0,1.8329221892377807,61.22889318887961,11777.759736216882,2.0306917899211916,0.0,0.0,1.0,inf,23917.0,inf,215.0,37.0,178.0,0.0,0.0,0.0,0.0,0.0,0.0
460.0,23957.0,67865.0,43908.0,21954.0,1.8327837375297409,61.28062552252803,11797.670218335636,2.030655168065865,0.0,0.0,1.0,inf,23957.0,inf,219.0,40.0,179.0,0.0,0.0,0.0,0.0,0.0,0.0
461.0,23998.0,67978.0,43980.0,21990.0,1.8326527210600883,61.28062552252803,11797.670218335636,2.0341304304898205,0.0,0.0,1.0,inf,23998.0,inf,216.0,41.0,175.0,0.0,0.0,0.0,0.0,0.0,0.0
462.0,24040.0,68098.0,44058.0,22029.0,1.8326955074875209,61.28062552252803,11797.670218335636,2.037690455411921,0.0,0.0,1.0,inf,24040.0,inf,218.0,42.0,176.0,0.0,0.0,0.0,0.0,0.0,0.0
463.0,24074.0,68188.0,44114.0,22057.0,1.832433330564094,61.28062552252803,11797.670218335636,2.0405723803488596,0.0,0.0,1.0,inf,24074.0,inf,218.0,34.0,184.0,0.0,0.0,0.0,0.0,0.0,0.0
464.0,24109.0,68289.0,44180.0,22090.0,1.8325106806586753,61.28062552252803,11797.670218335636,2.043539067783944,0.0,0.0,1.0,inf,24109.0,inf,219.0,35.0,184.0,0.0,0.0,0.0,0.0,0.0,0.0
465.0,24150.0,68406.0,44256.0,22128.0,1.8325465838509316,61.37789188462736,11835.15113955906,2.040531609205943,0.0,0.0,1.0,inf,24150.0,inf,218.0,41.0,177.0,0.0,0.0,0.0,0.0,0.0,0.0
466.0,24194.0,68532.0,44338.0,22169.0,1.8326031247416714,61.39525733765718,11841.849050772887,2.0430930926636766,0.0,0.0,1.0,inf,24194.0,inf,216.0,44.0,172.0,0.0,0.0,0.0,0.0,0.0,0.0
467.0,24236.0,68652.0,44416.0,22208.0,1.8326456510975409,61.39525733765718,11841.849050772887,2.0466398360666638,0.0,0.0,1.0,inf,24236.0,inf,219.0,42.0,177.0,0.0,0.0,0.0,0.0,0.0,0.0
468.0,24279.0,68773.0,44494.0,22247.0,1.832612545821492,61.39525733765718,11841.849050772887,2.0502710257411505,0.0,0.0,1.0,inf,24279.0,inf,218.0,43.0,175.0,0.0,0.0,0.0,0.0,0.0,0.0
469.0,24317.0,68885.0,44568.0,22284.0,1.8327918739976148,61.39525733765718,11841.849050772887,2.0534799840581393,0.0,0.0,1.0,inf,24317.0,inf,218.0,38.0,180.0,0.0,0.0,0.0,0.0,0.0,0.0
470.0,24355.0,68995.0,44640.0,22320.0,1.8328885239170603,61.39525733765718,11841.849050772887,2.0566889423751276,0.0,0.0,1.0,inf,24355.0,inf,218.0,38.0,180.0,0.0,0.0,0.0,0.0,0.0,0.0
471.0,24398.0,69114.0,44716.0,22358.0,1.8327731781293548,61.39525733765718,11841.849050772887,2.0603201320496147,0.0,0.0,1.0,inf,24398.0,inf,219.0,43.0,176.0,0.0,0.0,0.0,0.0,0.0,0.0
472.0,24437.0,69225.0,44788.0,22394.0,1.8327945328804682,61.39525733765718,11841.849050772887,2.063613536638103,0.0,0.0,1.0,inf,24437.0,inf,219.0,39.0,180.0,0.0,0.0,0.0,0.0,0.0,0.0
473.0,24480.0,69354.0,44874.0,22437.0,1.8330882352941176,61.39525733765718,11841.849050772887,2.0672447263125897,0.0,0.0,1.0,inf,24480.0,inf,217.0,43.0,174.0,0.0,0.0,0.0,0.0,0.0,0.0
474.0,24524.0,69472.0,44948.0,22474.0,1.8328168324906213,61.39525733765718,11841.849050772887,2.0709603622585764,0.0,0.0,1.0,inf,24524.0,inf,218.0,44.0,174.0,0.0,0.0,0.0,0.0,0.0,0.0
475.0,24566.0,69586.0,45020.0,22510.0,1.8326141822030448,62.09129311265173,12111.87225952254,2.028257850943386,0.0,0.0,1.0,inf,24566.0,inf,219.0,42.0,177.0,0.0,0.0,0.0,0.0,0.0,0.0
476.0,24603.0,69689.0,45086.0,22543.0,1.8325407470633663,62.09129311265173,12111.87225952254,2.0313127048261874,0.0,0.0,1.0,inf,24603.0,inf,217.0,37.0,180.0,0.0,0.0,0.0,0.0,0.0,0.0
477.0,24647.0,69821.0,45174.0,22587.0,1.8328396965147888,62.09129311265173,12111.87225952254,2.0349455040381677,0.0,0.0,1.0,inf,24647.0,inf,218.0,44.0,174.0,0.0,0.0,0.0,0.0,0.0,0.0
478.0,24685.0,69925.0,45240.0,22620.0,1.8326919181689285,62.09129311265173,12111.87225952254,2.0380829215394236,0.0,0.0,1.0,inf,24685.0,inf,217.0,38.0,179.0,0.0,0.0,0.0,0.0,0.0,0.0
479.0,24730.0,70056.0,45326.0,22663.0,1.832834613829357,62.09129311265173,12111.87225952254,2.041798284369858,0.0,0.0,1.0,inf,24730.0,inf,220.0,45.0,175.0,0.0,0.0,0.0,0.0,0.0,0.0
480.0,24771.0,70175.0,45404.0,22702.0,1.8329498203544468,62.09129311265173,12111.87225952254,2.045183392726476,0.0,0.0,1.0,inf,24771.0,inf,218.0,41.0,177.0,0.0,0.0,0.0,0.0,0.0,0.0
481.0,24812.0,70298.0,45486.0,22743.0,1.833225858455586,62.345628293281884,12211.299541729431,2.031888572973781,0.0,0.0,1.0,inf,24812.0,inf,219.0,41.0,178.0,0.0,0.0,0.0,0.0,0.0,0.0
482.0,24859.0,70429.0,45570.0,22785.0,1.833138903415262,62.864147544329455,12415.263295320377,2.002293419694931,0.0,0.0,1.0,inf,24859.0,inf,218.0,47.0,171.0,0.0,0.0,0.0,0.0,0.0,0.0
483.0,24917.0,70599.0,45682.0,22841.0,1.8333667777019707,62.864147544329455,12415.263295320377,2.0069650886414823,0.0,0.0,1.0,inf,24917.0,inf,219.0,58.0,161.0,0.0,0.0,0.0,0.0,0.0,0.0
484.0,24961.0,70727.0,45766.0,22883.0,1.8335002604062338,62.864147544329455,12415.263295320377,2.010509113359555,0.0,0.0,1.0,inf,24961.0,inf,214.0,44.0,170.0,0.0,0.0,0.0,0.0,0.0,0.0
485.0,25010.0,70862.0,45852.0,22926.0,1.8333466613354659,62.864147544329455,12415.263295320377,2.0144558681592275,0.0,0.0,1.0,inf,25010.0,inf,218.0,49.0,169.0,0.0,0.0,0.0,0.0,0.0,0.0
486.0,25067.0,71027.0,45960.0,22980.0,1.833486256831691,62.864147544329455,12415.263295320377,2.0190469910894584,0.0,0.0,1.0,inf,25067.0,inf,218.0,57.0,161.0,0.0,0.0,0.0,0.0,0.0,0.0
487.0,25114.0,71150.0,46036.0,23018.0,1.8330811499561996,62.864147544329455,12415.263295320377,2.022832653856491,0.0,0.0,1.0,inf,25114.0,inf,219.0,47.0,172.0,0.0,0.0,0.0,0.0,0.0,0.0
488.0,25162.0,71282.0,46120.0,23060.0,1.832922661155711,62.864147544329455,12415.263295320377,2.0266988626398432,0.0,0.0,1.0,inf,25162.0,inf,216.0,48.0,168.0,0.0,0.0,0.0,0.0,0.0,0.0
489.0,25211.0,71423.0,46212.0,23106.0,1.8330094006584428,62.864147544329455,12415.263295320377,2.0306456174395153,0.0,0.0,1.0,inf,25211.0,inf,216.0,49.0,167.0,0.0,0.0,0.0,0.0,0.0,0.0
490.0,25253.0,71541.0,46288.0,23144.0,1.832970340157605,62.864147544329455,12415.263295320377,2.034028550124949,0.0,0.0,1.0,inf,25253.0,inf,219.0,42.0,177.0,0.0,0.0,0.0,0.0,0.0,0.0
491.0,25300.0,71678.0,46378.0,23189.0,1.8331225296442688,63.26877886974946,12575.601806341565,2.0118321484417416,0.0,0.0,1.0,inf,25300.0,inf,217.0,47.0,170.0,0.0,0.0,0.0,0.0,0.0,0.0
492.0,25343.0,71797.0,46454.0,23227.0,1.8330110878743637,63.26877886974946,12575.601806341565,2.0152514679035205,0.0,0.0,1.0,inf,25343.0,inf,217.0,43.0,174.0,0.0,0.0,0.0,0.0,0.0,0.0
493.0,25402.0,71968.0,46566.0,23283.0,1.8331627430910953,63.26877886974946,12575.601806341565,2.0199430922813093,0.0,0.0,1.0,inf,25402.0,inf,216.0,59.0,157.0,0.0,0.0,0.0,0.0,0.0,0.0
494.0,25443.0,72075.0,46632.0,23316.0,1.8328027355264709,63.26877886974946,12575.601806341565,2.0232033736285864,0.0,0.0,1.0,inf,25443.0,inf,217.0,41.0,176.0,0.0,0.0,0.0,0.0,0.0,0.0
495.0,25491.0,72215.0,46724.0,23362.0,1.8329606527794124,63.26877886974946,12575.601806341565,2.0270202883766184,0.0,0.0,1.0,inf,25491.0,inf,214.0,48.0,166.0,0.0,0.0,0.0,0.0,0.0,0.0
496.0,25545.0,72377.0,46832.0,23416.0,1.8333137600313172,63.26877886974946,12575.601806341565,2.031314317468154,0.0,0.0,1.0,inf,25545.0,inf,219.0,54.0,165.0,0.0,0.0,0.0,0.0,0.0,0.0
497.0,25596.0,72524.0,46928.0,23464.0,1.8334114705422722,63.26877886974946,12575.601806341565,2.035369789387938,0.0,0.0,1.0,inf,25596.0,inf,218.0,51.0,167.0,0.0,0.0,0.0,0.0,0.0,0.0
498.0,25655.0,72695.0,47040.0,23520.0,1.8335607094133697,63.26877886974946,12575.601806341565,2.0400614137657267,0.0,0.0,1.0,inf,25655.0,inf,220.0,59.0,161.0,0.0,0.0,0.0,0.0,0.0,0.0
499.0,25702.0,72824.0,47122.0,23561.0,1.833398179130029,63.813564194807086,12793.102419990537,2.009051374421734,0.0,0.0,1.0,inf,25702.0,inf,217.0,47.0,170.0,0.0,0.0,0.0,0.0,0.0,0.0
500.0,25752.0,72966.0,47214.0,23607.0,1.8334109972041006,63.813564194807086,12793.102419990537,2.0129597305310285,0.0,0.0,1.0,inf,25752.0,inf,216.0,50.0,166.0,0.0,0.0,0.0,0.0,0.0,0.0
501.0,25805.0,73121.0,47316.0,23658.0,1.8335981398953691,63.813564194807086,12793.102419990537,2.0171025880068805,0.0,0.0,1.0,inf,25805.0,inf,218.0,53.0,165.0,0.0,0.0,0.0,0.0,0.0,0.0
502.0,25855.0,73267.0,47412.0,23706.0,1.8337652291626378,63.813564194807086,12793.102419990537,2.021010944116175,0.0,0.0,1.0,inf,25855.0,inf,218.0,50.0,168.0,0.0,0.0,0.0,0.0,0.0,0.0
503.0,25905.0,73417.0,47512.0,23756.0,1.8340860837676125,63.813564194807086,12793.102419990537,2.0249193002254695,0.0,0.0,1.0,inf,25905.0,inf,216.0,50.0,166.0,0.0,0.0,0.0,0.0,0.0,0.0
504.0,25959.0,73571.0,47612.0,23806.0,1.8341230401787434,63.813564194807086,12793.102419990537,2.0291403248235076,0.0,0.0,1.0,inf,25959.0,inf,218.0,54.0,164.0,0.0,0.0,0.0,0.0,0.0,0.0
505.0,26003.0,73697.0,47694.0,23847.0,1.8341729800407645,63.813564194807086,12793.102419990537,2.0325796781996868,0.0,0.0,1.0,inf,26003.0,inf,217.0,44.0,173.0,0.0,0.0,0.0,0.0,0.0,0.0
506.0,26053.0,73843.0,47790.0,23895.0,1.8343376962345987,63.813564194807086,12793.102419990537,2.0364880343089813,0.0,0.0,1.0,inf,26053.0,inf,219.0,50.0,169.0,0.0,0.0,0.0,0.0,0.0,0.0
507.0,26105.0,73987.0,47882.0,23941.0,1.834208006129094,63.813564194807086,12793.102419990537,2.0405527246626476,0.0,0.0,1.0,inf,26105.0,inf,215.0,52.0,163.0,0.0,0.0,0.0,0.0,0.0,0.0
508.0,26149.0,74115.0,47966.0,23983.0,1.834334008948717,63.813564194807086,12793.102419990537,2.0439920780388268,0.0,0.0,1.0,inf,26149.0,inf,216.0,44.0,172.0,0.0,0.0,0.0,0.0,0.0,0.0
509.0,26195.0,74245.0,48050.0,24025.0,1.834319526627219,63.813564194807086,12793.102419990537,2.0475877656593777,0.0,0.0,1.0,inf,26195.0,inf,215.0,46.0,169.0,0.0,0.0,0.0,0.0,0.0,0.0
510.0,26248.0,74392.0,48144.0,24072.0,1.83419689119171,63.813564194807086,12793.102419990537,2.0517306231352297,0.0,0.0,1.0,inf,26248.0,inf,217.0,53.0,164.0,0.0,0.0,0.0,0.0,0.0,0.0
511.0,26300.0,74532.0,48232.0,24116.0,1.8339163498098858,63.813564194807086,12793.102419990537,2.055795313488896,0.0,0.0,1.0,inf,26300.0,inf,220.0,52.0,168.0,0.0,0.0,0.0,0.0,0.0,0.0
512.0,26351.0,74681.0,48330.0,24165.0,1.8340859929414444,63.813564194807086,12793.102419990537,2.059781836720376,0.0,0.0,1.0,inf,26351.0,inf,218.0,51.0,167.0,0.0,0.0,0.0,0.0,0.0,0.0
513.0,26412.0,74846.0,48434.0,24217.0,1.8337876722701802,63.813564194807086,12793.102419990537,2.0645500311737157,0.0,0.0,1.0,inf,26412.0,inf,214.0,61.0,153.0,0.0,0.0,0.0,0.0,0.0,0.0
514.0,26461.0,74983.0,48522.0,24261.0,1.8337175465779827,63.813564194807086,12793.102419990537,2.068380220160824,0.0,0.0,1.0,inf,26461.0,inf,217.0,49.0,168.0,0.0,0.0,0.0,0.0,0.0,0.0
515.0,26508.0,75118.0,48610.0,24305.0,1.8337860268598158,63.813564194807086,12793.102419990537,2.072054074903561,0.0,0.0,1.0,inf,26508.0,inf,216.0,47.0,169.0,0.0,0.0,0.0,0.0,0.0,0.0
516.0,26557.0,75257.0,48700.0,24350.0,1.8337914674097224,63.813564194807086,12793.102419990537,2.0758842638906696,0.0,0.0,1.0,inf,26557.0,inf,220.0,49.0,171.0,0.0,0.0,0.0,0.0,0.0,0.0
517.0,26599.0,75371.0,48772.0,24386.0,1.8336027670213166,63.813564194807086,12793.102419990537,2.079167283022477,0.0,0.0,1.0,inf,26599.0,inf,218.0,42.0,176.0,0.0,0.0,0.0,0.0,0.0,0.0
518.0,26649.0,75513.0,48864.0,24432.0,1.8336147697849825,63.813564194807086,12793.102419990537,2.0830756391317715,0.0,0.0,1.0,inf,26649.0,inf,219.0,50.0,169.0,0.0,0.0,0.0,0.0,0.0,0.0
519.0,26691.0,75635.0,48944.0,24472.0,1.8337267243640178,63.813564194807086,12793.102419990537,2.086358658263579,0.0,0.0,1.0,inf,26691.0,inf,217.0,42.0,175.0,0.0,0.0,0.0,0.0,0.0,0.0
520.0,26742.0,75782.0,49040.0,24520.0,1.833819460025428,63.813564194807086,12793.102419990537,2.090345181495059,0.0,0.0,1.0,inf,26742.0,inf,220.0,51.0,169.0,0.0,0.0,0.0,0.0,0.0,0.0
521.0,26780.0,75882.0,49102.0,24551.0,1.8335324869305452,63.813564194807086,12793.102419990537,2.093315532138123,0.0,0.0,1.0,inf,26780.0,inf,220.0,38.0,182.0,0.0,0.0,0.0,0.0,0.0,0.0
522.0,26830.0,76018.0,49188.0,24594.0,1.833320909429743,63.813564194807086,12793.102419990537,2.0972238882474175,0.0,0.0,1.0,inf,26830.0,inf,219.0,50.0,169.0,0.0,0.0,0.0,0.0,0.0,0.0
523.0,26873.0,76141.0,49268.0,24634.0,1.8333643433929967,63.813564194807086,12793.102419990537,2.100585074501411,0.0,0.0,1.0,inf,26873.0,inf,218.0,43.0,175.0,0.0,0.0,0.0,0.0,0.0,0.0
524.0,26921.0,76271.0,49350.0,24675.0,1.8331414137662048,63.813564194807086,12793.102419990537,2.1043370963663333,0.0,0.0,1.0,inf,26921.0,inf,216.0,48.0,168.0,0.0,0.0,0.0,0.0,0.0,0.0
525.0,26967.0,76405.0,49438.0,24719.0,1.8332777097934512,63.813564194807086,12793.102419990537,2.107932783986884,0.0,0.0,1.0,inf,26967.0,inf,220.0,46.0,174.0,0.0,0.0,0.0,0.0,0.0,0.0
526.0,27011.0,76533.0,49522.0,24761.0,1.833401206915701,63.813564194807086,12793.102419990537,2.1113721373630634,0.0,0.0,1.0,inf,27011.0,inf,217.0,44.0,173.0,0.0,0.0,0.0,0.0,0.0,0.0
527.0,27055.0,76655.0,49600.0,24800.0,1.8333025318795046,63.813564194807086,12793.102419990537,2.1148114907392426,0.0,0.0,1.0,inf,27055.0,inf,217.0,44.0,173.0,0.0,0.0,0.0,0.0,0.0,0.0
528.0,27103.0,76797.0,49694.0,24847.0,1.8335239641368115,63.813564194807086,12793.102419990537,2.1185635126041653,0.0,0.0,1.0,inf,27103.0,inf,219.0,48.0,171.0,0.0,0.0,0.0,0.0,0.0,0.0
529.0,27146.0,76910.0,49764.0,24882.0,1.8331982612539601,63.813564194807086,12793.102419990537,2.121924698858159,0.0,0.0,1.0,inf,27146.0,inf,217.0,43.0,174.0,0.0,0.0,0.0,0.0,0.0,0.0
530.0,27185.0,77017.0,49832.0,24916.0,1.8330697075593159,63.813564194807086,12793.102419990537,2.1249732166234083,0.0,0.0,1.0,inf,27185.0,inf,219.0,39.0,180.0,0.0,0.0,0.0,0.0,0.0,0.0
531.0,27232.0,77154.0,49922.0,24961.0,1.833210928319624,63.813564194807086,12793.102419990537,2.128647071366145,0.0,0.0,1.0,inf,27232.0,inf,218.0,47.0,171.0,0.0,0.0,0.0,0.0,0.0,0.0
532.0,27278.0,77286.0,50008.0,25004.0,1.8332722340347534,63.813564194807086,12793.102419990537,2.132242758986696,0.0,0.0,1.0,inf,27278.0,inf,218.0,46.0,172.0,0.0,0.0,0.0,0.0,0.0,0.0
533.0,27328.0,77432.0,50104.0,25052.0,1.8334309133489461,64.17983142420964,12940.379612531564,2.111839128238197,0.0,0.0,1.0,inf,27328.0,inf,217.0,50.0,167.0,0.0,0.0,0.0,0.0,0.0,0.0
534.0,27368.0,77548.0,50180.0,25090.0,1.833528208126279,64.17983142420964,12940.379612531564,2.1149302276647757,0.0,0.0,1.0,inf,27368.0,inf,219.0,40.0,179.0,0.0,0.0,0.0,0.0,0.0,0.0
535.0,27415.0,77681.0,50266.0,25133.0,1.8335217946379718,64.17983142420964,12940.379612531564,2.118562269491005,0.0,0.0,1.0,inf,27415.0,inf,218.0,47.0,171.0,0.0,0.0,0.0,0.0,0.0,0.0
536.0,27454.0,77796.0,50342.0,25171.0,1.8336854374590223,64.17983142420964,12940.379612531564,2.1215760914319186,0.0,0.0,1.0,inf,27454.0,inf,219.0,39.0,180.0,0.0,0.0,0.0,0.0,0.0,0.0
537.0,27494.0,77910.0,50416.0,25208.0,1.833709172910453,64.17983142420964,12940.379612531564,2.1246671908584966,0.0,0.0,1.0,inf,27494.0,inf,220.0,40.0,180.0,0.0,0.0,0.0,0.0,0.0,0.0
538.0,27544.0,78050.0,50506.0,25253.0,1.8336479814115596,64.17983142420964,12940.379612531564,2.1285310651417193,0.0,0.0,1.0,inf,27544.0,inf,216.0,50.0,166.0,0.0,0.0,0.0,0.0,0.0,0.0
539.0,27582.0,78164.0,50582.0,25291.0,1.833877166267856,64.17983142420964,12940.379612531564,2.1314676095969687,0.0,0.0,1.0,inf,27582.0,inf,219.0,38.0,181.0,0.0,0.0,0.0,0.0,0.0,0.0
540.0,27628.0,78300.0,50672.0,25336.0,1.834081366729405,64.17983142420964,12940.379612531564,2.1350223739375336,0.0,0.0,1.0,inf,27628.0,inf,219.0,46.0,173.0,0.0,0.0,0.0,0.0,0.0,0.0
541.0,27668.0,78404.0,50736.0,25368.0,1.8337429521468844,64.17983142420964,12940.379612531564,2.1381134733641116,0.0,0.0,1.0,inf,27668.0,inf,216.0,40.0,176.0,0.0,0.0,0.0,0.0,0.0,0.0
542.0,27712.0,78532.0,50820.0,25410.0,1.8338625866050808,64.45476224959188,13051.483968841212,2.1232834569738537,0.0,0.0,1.0,inf,27712.0,inf,218.0,44.0,174.0,0.0,0.0,0.0,0.0,0.0,0.0
543.0,27755.0,78657.0,50902.0,25451.0,1.8339758602053684,64.45476224959188,13051.483968841212,2.1265781014834477,0.0,0.0,1.0,inf,27755.0,inf,218.0,43.0,175.0,0.0,0.0,0.0,0.0,0.0,0.0
544.0,27799.0,78781.0,50982.0,25491.0,1.833950861541782,64.45476224959188,13051.483968841212,2.1299493656328,0.0,0.0,1.0,inf,27799.0,inf,218.0,44.0,174.0,0.0,0.0,0.0,0.0,0.0,0.0
545.0,27845.0,78911.0,51066.0,25533.0,1.833937870353744,64.45476224959188,13051.483968841212,2.1334738690616684,0.0,0.0,1.0,inf,27845.0,inf,218.0,46.0,172.0,0.0,0.0,0.0,0.0,0.0,0.0
546.0,27886.0,79026.0,51140.0,25570.0,1.833895144516962,64.45476224959188,13051.483968841212,2.1366152742917466,0.0,0.0,1.0,inf,27886.0,inf,220.0,41.0,179.0,0.0,0.0,0.0,0.0,0.0,0.0
547.0,27921.0,79125.0,51204.0,25602.0,1.8338884710433008,64.45476224959188,13051.483968841212,2.139296961683277,0.0,0.0,1.0,inf,27921.0,inf,218.0,35.0,183.0,0.0,0.0,0.0,0.0,0.0,0.0
548.0,27959.0,79235.0,51276.0,25638.0,1.833971172073393,64.45476224959188,13051.483968841212,2.142208507994081,0.0,0.0,1.0,inf,27959.0,inf,219.0,38.0,181.0,0.0,0.0,0.0,0.0,0.0,0.0
549.0,27999.0,79343.0,51344.0,25672.0,1.8337797778492089,64.45476224959188,13051.483968841212,2.145273293584401,0.0,0.0,1.0,inf,27999.0,inf,218.0,40.0,178.0,0.0,0.0,0.0,0.0,0.0,0.0
550.0,28037.0,79447.0,51410.0,25705.0,1.833648393194707,64.45476224959188,13051.483968841212,2.1481848398952055,0.0,0.0,1.0,inf,28037.0,inf,217.0,38.0,179.0,0.0,0.0,0.0,0.0,0.0,0.0
551.0,28070.0,79542.0,51472.0,25736.0,1.8337014606341289,64.45476224959188,13051.483968841212,2.1507132880072195,0.0,0.0,1.0,inf,28070.0,inf,219.0,33.0,186.0,0.0,0.0,0.0,0.0,0.0,0.0
552.0,28107.0,79649.0,51542.0,25771.0,1.8337780624043833,64.45476224959188,13051.483968841212,2.153548214678266,0.0,0.0,1.0,inf,28107.0,inf,220.0,37.0,183.0,0.0,0.0,0.0,0.0,0.0,0.0
553.0,28147.0,79763.0,51616.0,25808.0,1.8338011155718195,64.45476224959188,13051.483968841212,2.156613000268586,0.0,0.0,1.0,inf,28147.0,inf,219.0,40.0,179.0,0.0,0.0,0.0,0.0,0.0,0.0
554.0,28193.0,79899.0,51706.0,25853.0,1.8340013478523038,64.45476224959188,13051.483968841212,2.160137503697454,0.0,0.0,1.0,inf,28193.0,inf,219.0,46.0,173.0,0.0,0.0,0.0,0.0,0.0,0.0
555.0,28238.0,80024.0,51786.0,25893.0,1.8339117501239464,64.45476224959188,13051.483968841212,2.1635853874865645,0.0,0.0,1.0,inf,28238.0,inf,219.0,45.0,174.0,0.0,0.0,0.0,0.0,0.0,0.0
556.0,28278.0,80142.0,51864.0,25932.0,1.8340759601103331,64.45476224959188,13051.483968841212,2.166650173076885,0.0,0.0,1.0,inf,28278.0,inf,220.0,40.0,180.0,0.0,0.0,0.0,0.0,0.0,0.0
557.0,28331.0,80293.0,51962.0,25981.0,1.8341039850340617,65.07359382324053,13303.302212319804,2.129621619342262,0.0,0.0,1.0,inf,28331.0,inf,219.0,53.0,166.0,0.0,0.0,0.0,0.0,0.0,0.0
558.0,28380.0,80436.0,52056.0,26028.0,1.8342494714587738,65.07359382324053,13303.302212319804,2.1333049153553847,0.0,0.0,1.0,inf,28380.0,inf,219.0,49.0,170.0,0.0,0.0,0.0,0.0,0.0,0.0
559.0,28431.0,80577.0,52146.0,26073.0,1.834124723013612,65.07359382324053,13303.302212319804,2.1371385499812874,0.0,0.0,1.0,inf,28431.0,inf,218.0,51.0,167.0,0.0,0.0,0.0,0.0,0.0,0.0
560.0,28472.0,80692.0,52220.0,26110.0,1.8340826074740095,65.07359382324053,13303.302212319804,2.1402204915432876,0.0,0.0,1.0,inf,28472.0,inf,218.0,41.0,177.0,0.0,0.0,0.0,0.0,0.0,0.0
561.0,28523.0,80837.0,52314.0,26157.0,1.8340987974616976,65.07359382324053,13303.302212319804,2.1440541261691908,0.0,0.0,1.0,inf,28523.0,inf,218.0,51.0,167.0,0.0,0.0,0.0,0.0,0.0,0.0
562.0,28567.0,80959.0,52392.0,26196.0,1.8340042706619526,65.07359382324053,13303.302212319804,2.1473615756503617,0.0,0.0,1.0,inf,28567.0,inf,219.0,44.0,175.0,0.0,0.0,0.0,0.0,0.0,0.0
563.0,28608.0,81072.0,52464.0,26232.0,1.8338926174496644,65.07359382324053,13303.302212319804,2.1504435172123624,0.0,0.0,1.0,inf,28608.0,inf,218.0,41.0,177.0,0.0,0.0,0.0,0.0,0.0,0.0
564.0,28655.0,81201.0,52546.0,26273.0,1.8337462920956202,65.07359382324053,13303.302212319804,2.1539764746127044,0.0,0.0,1.0,inf,28655.0,inf,219.0,47.0,172.0,0.0,0.0,0.0,0.0,0.0,0.0
565.0,28695.0,81313.0,52618.0,26309.0,1.8336992507405472,65.07359382324053,13303.302212319804,2.156983246868314,0.0,0.0,1.0,inf,28695.0,inf,220.0,40.0,180.0,0.0,0.0,0.0,0.0,0.0,0.0
566.0,28739.0,81437.0,52698.0,26349.0,1.8336754932321933,65.07359382324053,13303.302212319804,2.1602906963494855,0.0,0.0,1.0,inf,28739.0,inf,218.0,44.0,174.0,0.0,0.0,0.0,0.0,0.0,0.0
567.0,28791.0,81581.0,52790.0,26395.0,1.833559098329339,65.07359382324053,13303.302212319804,2.1641995002817787,0.0,0.0,1.0,inf,28791.0,inf,217.0,52.0,165.0,0.0,0.0,0.0,0.0,0.0,0.0
568.0,28855.0,81765.0,52910.0,26455.0,1.8336510136891353,66.05102010423109,13705.943315535334,2.105291065029694,0.0,0.0,1.0,inf,28855.0,inf,219.0,64.0,155.0,0.0,0.0,0.0,0.0,0.0,0.0
569.0,28907.0,81915.0,53008.0,26504.0,1.8337426920815028,66.05102010423109,13705.943315535334,2.1090850395707283,0.0,0.0,1.0,inf,28907.0,inf,219.0,52.0,167.0,0.0,0.0,0.0,0.0,0.0,0.0
570.0,28953.0,82045.0,53092.0,26546.0,1.8337305287880359,66.05102010423109,13705.943315535334,2.112441247818566,0.0,0.0,1.0,inf,28953.0,inf,217.0,46.0,171.0,0.0,0.0,0.0,0.0,0.0,0.0
571.0,28995.0,82163.0,53168.0,26584.0,1.8336954647352992,66.05102010423109,13705.943315535334,2.1155056118709403,0.0,0.0,1.0,inf,28995.0,inf,219.0,42.0,177.0,0.0,0.0,0.0,0.0,0.0,0.0
572.0,29038.0,82286.0,53248.0,26624.0,1.8337351057235347,66.05102010423109,13705.943315535334,2.11864293697218,0.0,0.0,1.0,inf,29038.0,inf,217.0,43.0,174.0,0.0,0.0,0.0,0.0,0.0,0.0
573.0,29092.0,82442.0,53350.0,26675.0,1.8338374810944589,66.05102010423109,13705.943315535334,2.1225828336109465,0.0,0.0,1.0,inf,29092.0,inf,220.0,54.0,166.0,0.0,0.0,0.0,0.0,0.0,0.0
574.0,29147.0,82595.0,53448.0,26724.0,1.8337393213709816,66.05102010423109,13705.943315535334,2.126595691298579,0.0,0.0,1.0,inf,29147.0,inf,219.0,55.0,164.0,0.0,0.0,0.0,0.0,0.0,0.0
575.0,29188.0,82714.0,53526.0,26763.0,1.8338358229409346,66.05102010423109,13705.943315535334,2.1295870943020865,0.0,0.0,1.0,inf,29188.0,inf,218.0,41.0,177.0,0.0,0.0,0.0,0.0,0.0,0.0
576.0,29246.0,82874.0,53628.0,26814.0,1.8336866580045135,66.05102010423109,13705.943315535334,2.133818835136317,0.0,0.0,1.0,inf,29246.0,inf,219.0,58.0,161.0,0.0,0.0,0.0,0.0,0.0,0.0
577.0,29283.0,82981.0,53698.0,26849.0,1.8337602021650787,66.05102010423109,13705.943315535334,2.136518393944361,0.0,0.0,1.0,inf,29283.0,inf,219.0,37.0,182.0,0.0,0.0,0.0,0.0,0.0,0.0
578.0,29329.0,83111.0,53782.0,26891.0,1.833748167342903,66.05102010423109,13705.943315535334,2.1398746021921986,0.0,0.0,1.0,inf,29329.0,inf,217.0,46.0,171.0,0.0,0.0,0.0,0.0,0.0,0.0
579.0,29372.0,83226.0,53854.0,26927.0,1.833514912161242,66.05102010423109,13705.943315535334,2.1430119272934385,0.0,0.0,1.0,inf,29372.0,inf,219.0,43.0,176.0,0.0,0.0,0.0,0.0,0.0,0.0
580.0,29424.0,83374.0,53950.0,26975.0,1.8335372485046222,66.05102010423109,13705.943315535334,2.146805901834473,0.0,0.0,1.0,inf,29424.0,inf,218.0,52.0,166.0,0.0,0.0,0.0,0.0,0.0,0.0
581.0,29474.0,83518.0,54044.0,27022.0,1.833616068399267,66.33796283343548,13825.286313442708,2.1318907494408714,0.0,0.0,1.0,inf,29474.0,inf,218.0,50.0,168.0,0.0,0.0,0.0,0.0,0.0,0.0
582.0,29520.0,83650.0,54130.0,27065.0,1.8336720867208671,66.33796283343548,13825.286313442708,2.1352179861401415,0.0,0.0,1.0,inf,29520.0,inf,218.0,46.0,172.0,0.0,0.0,0.0,0.0,0.0,0.0
583.0,29561.0,83771.0,54210.0,27105.0,1.8338351205980854,66.33796283343548,13825.286313442708,2.1381835666764473,0.0,0.0,1.0,inf,29561.0,inf,219.0,41.0,178.0,0.0,0.0,0.0,0.0,0.0,0.0
584.0,29605.0,83895.0,54290.0,27145.0,1.8338118561053875,66.33796283343548,13825.286313442708,2.1413661409105313,0.0,0.0,1.0,inf,29605.0,inf,219.0,44.0,175.0,0.0,0.0,0.0,0.0,0.0,0.0
585.0,29645.0,84005.0,54360.0,27180.0,1.8336987687637039,66.33796283343548,13825.286313442708,2.1442593902142444,0.0,0.0,1.0,inf,29645.0,inf,218.0,40.0,178.0,0.0,0.0,0.0,0.0,0.0,0.0
586.0,29695.0,84151.0,54456.0,27228.0,1.8338440814952013,66.33796283343548,13825.286313442708,2.1478759518438855,0.0,0.0,1.0,inf,29695.0,inf,214.0,50.0,164.0,0.0,0.0,0.0,0.0,0.0,0.0
587.0,29748.0,84302.0,54554.0,27277.0,1.8338711846174534,66.33796283343548,13825.286313442708,2.1517095071713053,0.0,0.0,1.0,inf,29748.0,inf,218.0,53.0,165.0,0.0,0.0,0.0,0.0,0.0,0.0
588.0,29800.0,84444.0,54644.0,27322.0,1.8336912751677852,66.33796283343548,13825.286313442708,2.155470731266132,0.0,0.0,1.0,inf,29800.0,inf,218.0,52.0,166.0,0.0,0.0,0.0,0.0,0.0,0.0
589.0,29848.0,84572.0,54724.0,27362.0,1.8334226748860896,66.33796283343548,13825.286313442708,2.1589426304305874,0.0,0.0,1.0,inf,29848.0,inf,219.0,48.0,171.0,0.0,0.0,0.0,0.0,0.0,0.0
590.0,29890.0,84690.0,54800.0,27400.0,1.833389093342255,66.33796283343548,13825.286313442708,2.161980542199486,0.0,0.0,1.0,inf,29890.0,inf,219.0,42.0,177.0,0.0,0.0,0.0,0.0,0.0,0.0
591.0,29935.0,84819.0,54884.0,27442.0,1.8334391180891934,66.33796283343548,13825.286313442708,2.1652354476661633,0.0,0.0,1.0,inf,29935.0,inf,219.0,45.0,174.0,0.0,0.0,0.0,0.0,0.0,0.0
592.0,29977.0,84941.0,54964.0,27482.0,1.833539046602395,66.33796283343548,13825.286313442708,2.168273359435062,0.0,0.0,1.0,inf,29977.0,inf,218.0,42.0,176.0,0.0,0.0,0.0,0.0,0.0,0.0
593.0,30020.0,85068.0,55048.0,27524.0,1.8337108594270486,66.33796283343548,13825.286313442708,2.171383602436553,0.0,0.0,1.0,inf,30020.0,inf,218.0,43.0,175.0,0.0,0.0,0.0,0.0,0.0,0.0
594.0,30064.0,85190.0,55126.0,27563.0,1.8336216072378926,66.33796283343548,13825.286313442708,2.1745661766706372,0.0,0.0,1.0,inf,30064.0,inf,219.0,44.0,175.0,0.0,0.0,0.0,0.0,0.0,0.0
595.0,30113.0,85327.0,55214.0,27607.0,1.8335602563676818,66.33796283343548,13825.286313442708,2.1781104070676855,0.0,0.0,1.0,inf,30113.0,inf,218.0,49.0,169.0,0.0,0.0,0.0,0.0,0.0,0.0
596.0,30173.0,85489.0,55316.0,27658.0,1.8332946674178903,66.33796283343548,13825.286313442708,2.182450281023255,0.0,0.0,1.0,inf,30173.0,inf,217.0,60.0,157.0,0.0,0.0,0.0,0.0,0.0,0.0
597.0,30220.0,85622.0,55402.0,27701.0,1.8332892124420914,66.33796283343548,13825.286313442708,2.185849848955118,0.0,0.0,1.0,inf,30220.0,inf,218.0,47.0,171.0,0.0,0.0,0.0,0.0,0.0,0.0
598.0,30265.0,85757.0,55492.0,27746.0,1.8335370890467537,66.33796283343548,13825.286313442708,2.1891047544217948,0.0,0.0,1.0,inf,30265.0,inf,219.0,45.0,174.0,0.0,0.0,0.0,0.0,0.0,0.0
599.0,30298.0,85852.0,55554.0,27777.0,1.8335863753383062,66.33796283343548,13825.286313442708,2.191491685097358,0.0,0.0,1.0,inf,30298.0,inf,214.0,33.0,181.0,0.0,0.0,0.0,0.0,0.0,0.0
600.0,30346.0,85986.0,55640.0,27820.0,1.8335200685428064,66.33796283343548,13825.286313442708,2.1949635842618136,0.0,0.0,1.0,inf,30346.0,inf,218.0,48.0,170.0,0.0,0.0,0.0,0.0,0.0,0.0
601.0,30391.0,86113.0,55722.0,27861.0,1.8335033398045475,66.33796283343548,13825.286313442708,2.1982184897284904,0.0,0.0,1.0,inf,30391.0,inf,220.0,45.0,175.0,0.0,0.0,0.0,0.0,0.0,0.0
602.0,30441.0,86255.0,55814.0,27907.0,1.833514010709241,66.33796283343548,13825.286313442708,2.2018350513581315,0.0,0.0,1.0,inf,30441.0,inf,219.0,50.0,169.0,0.0,0.0,0.0,0.0,0.0,0.0
603.0,30479.0,86365.0,55886.0,27943.0,1.8335903408904493,66.33796283343548,13825.286313442708,2.204583638196659,0.0,0.0,1.0,inf,30479.0,inf,219.0,38.0,181.0,0.0,0.0,0.0,0.0,0.0,0.0
604.0,30515.0,86471.0,55956.0,27978.0,1.833721120760282,66.33796283343548,13825.286313442708,2.2071875625700006,0.0,0.0,1.0,inf,30515.0,inf,219.0,36.0,183.0,0.0,0.0,0.0,0.0,0.0,0.0
605.0,30570.0,86624.0,56054.0,28027.0,1.8336277396140006,66.33796283343548,13825.286313442708,2.211165780362606,0.0,0.0,1.0,inf,30570.0,inf,218.0,55.0,163.0,0.0,0.0,0.0,0.0,0.0,0.0
606.0,30612.0,86744.0,56132.0,28066.0,1.8336600026133543,66.33796283343548,13825.286313442708,2.2142036921315045,0.0,0.0,1.0,inf,30612.0,inf,218.0,42.0,176.0,0.0,0.0,0.0,0.0,0.0,0.0
607.0,30659.0,86873.0,56214.0,28107.0,1.833523598290877,66.33796283343548,13825.286313442708,2.2176032600633673,0.0,0.0,1.0,inf,30659.0,inf,220.0,47.0,173.0,0.0,0.0,0.0,0.0,0.0,0.0
608.0,30698.0,86980.0,56282.0,28141.0,1.8334093426281843,66.33796283343548,13825.286313442708,2.220424178134487,0.0,0.0,1.0,inf,30698.0,inf,218.0,39.0,179.0,0.0,0.0,0.0,0.0,0.0,0.0
609.0,30737.0,87091.0,56354.0,28177.0,1.8334255132251034,66.33796283343548,13825.286313442708,2.2232450962056074,0.0,0.0,1.0,inf,30737.0,inf,219.0,39.0,180.0,0.0,0.0,0.0,0.0,0.0,0.0
610.0,30786.0,87230.0,56444.0,28222.0,1.8334307802247776,66.33796283343548,13825.286313442708,2.2267893266026557,0.0,0.0,1.0,inf,30786.0,inf,219.0,49.0,170.0,0.0,0.0,0.0,0.0,0.0,0.0
611.0,30837.0,87371.0,56534.0,28267.0,1.8333171190453028,66.33796283343548,13825.286313442708,2.2304782194648896,0.0,0.0,1.0,inf,30837.0,inf,217.0,51.0,166.0,0.0,0.0,0.0,0.0,0.0,0.0
612.0,30882.0,87500.0,56618.0,28309.0,1.8333657146557865,66.33796283343548,13825.286313442708,2.233733124931567,0.0,0.0,1.0,inf,30882.0,inf,217.0,45.0,172.0,0.0,0.0,0.0,0.0,0.0,0.0
613.0,30921.0,87611.0,56690.0,28345.0,1.8333818440542027,66.33796283343548,13825.286313442708,2.2365540430026867,0.0,0.0,1.0,inf,30921.0,inf,219.0,39.0,180.0,0.0,0.0,0.0,0.0,0.0,0.0
614.0,30960.0,87720.0,56760.0,28380.0,1.8333333333333333,66.33796283343548,13825.286313442708,2.239374961073807,0.0,0.0,1.0,inf,30960.0,inf,217.0,39.0,178.0,0.0,0.0,0.0,0.0,0.0,0.0
615.0,31012.0,87854.0,56842.0,28421.0,1.8329033922352638,66.33796283343548,13825.286313442708,2.2431361851686336,0.0,0.0,1.0,inf,31012.0,inf,219.0,52.0,167.0,0.0,0.0,0.0,0.0,0.0,0.0
616.0,31052.0,87960.0,56908.0,28454.0,1.832667783073554,66.33796283343548,13825.286313442708,2.2460294344723466,0.0,0.0,1.0,inf,31052.0,inf,217.0,40.0,177.0,0.0,0.0,0.0,0.0,0.0,0.0
617.0,31097.0,88089.0,56992.0,28496.0,1.8327169823455638,66.33796283343548,13825.286313442708,2.249284339939024,0.0,0.0,1.0,inf,31097.0,inf,218.0,45.0,173.0,0.0,0.0,0.0,0.0,0.0,0.0
618.0,31150.0,88234.0,57084.0,28542.0,1.8325521669341893,66.33796283343548,13825.286313442708,2.2531178952664432,0.0,0.0,1.0,inf,31150.0,inf,219.0,53.0,166.0,0.0,0.0,0.0,0.0,0.0,0.0
619.0,31197.0,88363.0,57166.0,28583.0,1.8324197839535852,66.33796283343548,13825.286313442708,2.256517463198306,0.0,0.0,1.0,inf,31197.0,inf,219.0,47.0,172.0,0.0,0.0,0.0,0.0,0.0,0.0
620.0,31251.0,88511.0,57260.0,28630.0,1.8322613676362356,66.33796283343548,13825.286313442708,2.2604233497583186,0.0,0.0,1.0,inf,31251.0,inf,217.0,54.0,163.0,0.0,0.0,0.0,0.0,0.0,0.0
621.0,31297.0,88643.0,57346.0,28673.0,1.8323161964405534,66.33796283343548,13825.286313442708,2.263750586457588,0.0,0.0,1.0,inf,31297.0,inf,219.0,46.0,173.0,0.0,0.0,0.0,0.0,0.0,0.0
622.0,31356.0,88812.0,57456.0,28728.0,1.8323765786452353,66.33796283343548,13825.286313442708,2.268018129180565,0.0,0.0,1.0,inf,31356.0,inf,218.0,59.0,159.0,0.0,0.0,0.0,0.0,0.0,0.0
623.0,31408.0,88958.0,57550.0,28775.0,1.8323357106469689,66.99868560410374,14102.056101662238,2.2271929549548366,0.0,0.0,1.0,inf,31408.0,inf,217.0,52.0,165.0,0.0,0.0,0.0,0.0,0.0,0.0
624.0,31460.0,89108.0,57648.0,28824.0,1.8324221233312143,66.99868560410374,14102.056101662238,2.2308803605093974,0.0,0.0,1.0,inf,31460.0,inf,216.0,52.0,164.0,0.0,0.0,0.0,0.0,0.0,0.0
625.0,31510.0,89248.0,57738.0,28869.0,1.8323706759758807,67.11859661056937,14152.579629183185,2.226449228734606,0.0,0.0,1.0,inf,31510.0,inf,217.0,50.0,167.0,0.0,0.0,0.0,0.0,0.0,0.0
626.0,31550.0,89362.0,57812.0,28906.0,1.8323930269413629,67.11859661056937,14152.579629183185,2.229275568599709,0.0,0.0,1.0,inf,31550.0,inf,219.0,40.0,179.0,0.0,0.0,0.0,0.0,0.0,0.0
627.0,31602.0,89506.0,57904.0,28952.0,1.8322890956268592,67.11859661056937,14152.579629183185,2.2329498104243424,0.0,0.0,1.0,inf,31602.0,inf,217.0,52.0,165.0,0.0,0.0,0.0,0.0,0.0,0.0
628.0,31652.0,89642.0,57990.0,28995.0,1.8321117148995325,67.11859661056937,14152.579629183185,2.2364827352557204,0.0,0.0,1.0,inf,31652.0,inf,216.0,50.0,166.0,0.0,0.0,0.0,0.0,0.0,0.0
629.0,31691.0,89757.0,58066.0,29033.0,1.832255214414187,67.11859661056937,14152.579629183185,2.2392384166241954,0.0,0.0,1.0,inf,31691.0,inf,220.0,39.0,181.0,0.0,0.0,0.0,0.0,0.0,0.0
630.0,31740.0,89900.0,58160.0,29080.0,1.8323881537492124,67.11859661056937,14152.579629183185,2.2427006829589464,0.0,0.0,1.0,inf,31740.0,inf,219.0,49.0,170.0,0.0,0.0,0.0,0.0,0.0,0.0
631.0,31786.0,90036.0,58250.0,29125.0,1.8325677971433965,67.11859661056937,14152.579629183185,2.2459509738038146,0.0,0.0,1.0,inf,31786.0,inf,217.0,46.0,171.0,0.0,0.0,0.0,0.0,0.0,0.0
632.0,31833.0,90169.0,58336.0,29168.0,1.8325636917664059,67.11859661056937,14152.579629183185,2.2492719231453098,0.0,0.0,1.0,inf,31833.0,inf,220.0,47.0,173.0,0.0,0.0,0.0,0.0,0.0,0.0
633.0,31870.0,90278.0,58408.0,29204.0,1.8326953247568245,67.11859661056937,14152.579629183185,2.25188628752053,0.0,0.0,1.0,inf,31870.0,inf,217.0,37.0,180.0,0.0,0.0,0.0,0.0,0.0,0.0
634.0,31917.0,90411.0,58494.0,29247.0,1.8326910423912022,67.11859661056937,14152.579629183185,2.2552072368620255,0.0,0.0,1.0,inf,31917.0,inf,220.0,47.0,173.0,0.0,0.0,0.0,0.0,0.0,0.0
635.0,31960.0,90528.0,58568.0,29284.0,1.832540675844806,67.70142459924624,14399.43618377263,2.2195313477632657,0.0,0.0,1.0,inf,31960.0,inf,217.0,43.0,174.0,0.0,0.0,0.0,0.0,0.0,0.0
636.0,32010.0,90664.0,58654.0,29327.0,1.8323648859731334,67.70142459924624,14399.43618377263,2.223003705941869,0.0,0.0,1.0,inf,32010.0,inf,219.0,50.0,169.0,0.0,0.0,0.0,0.0,0.0,0.0
637.0,32061.0,90811.0,58750.0,29375.0,1.8324444028570537,67.70142459924624,14399.43618377263,2.226545511284044,0.0,0.0,1.0,inf,32061.0,inf,218.0,51.0,167.0,0.0,0.0,0.0,0.0,0.0,0.0
638.0,32105.0,90931.0,58826.0,29413.0,1.8323002647562685,67.70142459924624,14399.43618377263,2.2296011864812155,0.0,0.0,1.0,inf,32105.0,inf,220.0,44.0,176.0,0.0,0.0,0.0,0.0,0.0,0.0
639.0,32160.0,91090.0,58930.0,29465.0,1.8324004975124377,67.70142459924624,14399.43618377263,2.233420780477679,0.0,0.0,1.0,inf,32160.0,inf,219.0,55.0,164.0,0.0,0.0,0.0,0.0,0.0,0.0
640.0,32201.0,91201.0,59000.0,29500.0,1.8322412347442627,67.70142459924624,14399.43618377263,2.2362681141841336,0.0,0.0,1.0,inf,32201.0,inf,219.0,41.0,178.0,0.0,0.0,0.0,0.0,0.0,0.0
641.0,32245.0,91325.0,59080.0,29540.0,1.8322220499302218,67.70142459924624,14399.43618377263,2.239323789381305,0.0,0.0,1.0,inf,32245.0,inf,219.0,44.0,175.0,0.0,0.0,0.0,0.0,0.0,0.0
642.0,32294.0,91456.0,59162.0,29581.0,1.8319811729733078,67.70142459924624,14399.43618377263,2.2427267003963363,0.0,0.0,1.0,inf,32294.0,inf,218.0,49.0,169.0,0.0,0.0,0.0,0.0,0.0,0.0
643.0,32339.0,91583.0,59244.0,29622.0,1.8319675933083892,67.70142459924624,14399.43618377263,2.245851822757079,0.0,0.0,1.0,inf,32339.0,inf,218.0,45.0,173.0,0.0,0.0,0.0,0.0,0.0,0.0
644.0,32378.0,91694.0,59316.0,29658.0,1.8319846809562048,67.70142459924624,14399.43618377263,2.24856026213639,0.0,0.0,1.0,inf,32378.0,inf,219.0,39.0,180.0,0.0,0.0,0.0,0.0,0.0,0.0
645.0,32431.0,91845.0,59414.0,29707.0,1.8320125805556413,67.70142459924624,14399.43618377263,2.2522409618057093,0.0,0.0,1.0,inf,32431.0,inf,218.0,53.0,165.0,0.0,0.0,0.0,0.0,0.0,0.0
646.0,32466.0,91946.0,59480.0,29740.0,1.8320704737263598,67.70142459924624,14399.43618377263,2.2546716125307316,0.0,0.0,1.0,inf,32466.0,inf,219.0,35.0,184.0,0.0,0.0,0.0,0.0,0.0,0.0
647.0,32505.0,92059.0,59554.0,29777.0,1.8321489001692048,67.70142459924624,14399.43618377263,2.2573800519100424,0.0,0.0,1.0,inf,32505.0,inf,218.0,39.0,179.0,0.0,0.0,0.0,0.0,0.0,0.0
648.0,32543.0,92169.0,59626.0,29813.0,1.8322219832221984,67.91227833319765,14489.26894385779,2.2460070363864317,0.0,0.0,1.0,inf,32543.0,inf,217.0,38.0,179.0,0.0,0.0,0.0,0.0,0.0,0.0
649.0,32592.0,92316.0,59724.0,29862.0,1.8324742268041236,67.91227833319765,14489.26894385779,2.2493888495193,0.0,0.0,1.0,inf,32592.0,inf,219.0,49.0,170.0,0.0,0.0,0.0,0.0,0.0,0.0
650.0,32620.0,92398.0,59778.0,29889.0,1.8325567136725935,67.91227833319765,14489.26894385779,2.2513213141666535,0.0,0.0,1.0,inf,32620.0,inf,217.0,28.0,189.0,0.0,0.0,0.0,0.0,0.0,0.0
651.0,32657.0,92505.0,59848.0,29924.0,1.8326239397372692,67.91227833319765,14489.26894385779,2.253874928164942,0.0,0.0,1.0,inf,32657.0,inf,218.0,37.0,181.0,0.0,0.0,0.0,0.0,0.0,0.0
652.0,32701.0,92625.0,59924.0,29962.0,1.83248218708908,67.91227833319765,14489.26894385779,2.2569116583250683,0.0,0.0,1.0,inf,32701.0,inf,220.0,44.0,176.0,0.0,0.0,0.0,0.0,0.0,0.0
653.0,32744.0,92750.0,60006.0,30003.0,1.8325800146591742,67.91227833319765,14489.26894385779,2.259879371890647,0.0,0.0,1.0,inf,32744.0,inf,220.0,43.0,177.0,0.0,0.0,0.0,0.0,0.0,0.0
654.0,32772.0,92824.0,60052.0,30026.0,1.8324179177346516,67.91227833319765,14489.26894385779,2.261811836538,0.0,0.0,1.0,inf,32772.0,inf,219.0,28.0,191.0,0.0,0.0,0.0,0.0,0.0,0.0
655.0,32822.0,92966.0,60144.0,30072.0,1.8324294680397295,67.91227833319765,14489.26894385779,2.265262666265417,0.0,0.0,1.0,inf,32822.0,inf,219.0,50.0,169.0,0.0,0.0,0.0,0.0,0.0,0.0
656.0,32862.0,93078.0,60216.0,30108.0,1.8323899945225488,67.91227833319765,14489.26894385779,2.2680233300473502,0.0,0.0,1.0,inf,32862.0,inf,218.0,40.0,178.0,0.0,0.0,0.0,0.0,0.0,0.0
657.0,32897.0,93179.0,60282.0,30141.0,1.8324467276651366,67.91227833319765,14489.26894385779,2.2704389108565417,0.0,0.0,1.0,inf,32897.0,inf,220.0,35.0,185.0,0.0,0.0,0.0,0.0,0.0,0.0
658.0,32941.0,93303.0,60362.0,30181.0,1.8324276737196807,67.91227833319765,14489.26894385779,2.2734756410166685,0.0,0.0,1.0,inf,32941.0,inf,219.0,44.0,175.0,0.0,0.0,0.0,0.0,0.0,0.0
659.0,32972.0,93388.0,60416.0,30208.0,1.8323425937158802,67.91227833319765,14489.26894385779,2.275615155447667,0.0,0.0,1.0,inf,32972.0,inf,219.0,31.0,188.0,0.0,0.0,0.0,0.0,0.0,0.0
660.0,33016.0,93516.0,60500.0,30250.0,1.8324448752120184,67.91227833319765,14489.26894385779,2.2786518856077937,0.0,0.0,1.0,inf,33016.0,inf,219.0,44.0,175.0,0.0,0.0,0.0,0.0,0.0,0.0
661.0,33073.0,93681.0,60608.0,30304.0,1.8325522329392556,67.91227833319765,14489.26894385779,2.2825858314970486,0.0,0.0,1.0,inf,33073.0,inf,220.0,57.0,163.0,0.0,0.0,0.0,0.0,0.0,0.0
662.0,33108.0,93778.0,60670.0,30335.0,1.832487616286094,67.91227833319765,14489.26894385779,2.2850014123062405,0.0,0.0,1.0,inf,33108.0,inf,216.0,35.0,181.0,0.0,0.0,0.0,0.0,0.0,0.0
663.0,33156.0,93916.0,60760.0,30380.0,1.8325491615393896,67.91227833319765,14489.26894385779,2.2883142088445605,0.0,0.0,1.0,inf,33156.0,inf,219.0,48.0,171.0,0.0,0.0,0.0,0.0,0.0,0.0
664.0,33198.0,94038.0,60840.0,30420.0,1.8326405205132839,67.91227833319765,14489.26894385779,2.2912129058155903,0.0,0.0,1.0,inf,33198.0,inf,220.0,42.0,178.0,0.0,0.0,0.0,0.0,0.0,0.0
665.0,33234.0,94140.0,60906.0,30453.0,1.8326412709875428,67.91227833319765,14489.26894385779,2.2936975032193305,0.0,0.0,1.0,inf,33234.0,inf,217.0,36.0,181.0,0.0,0.0,0.0,0.0,0.0,0.0
666.0,33272.0,94250.0,60978.0,30489.0,1.832712190430392,67.91227833319765,14489.26894385779,2.2963201338121673,0.0,0.0,1.0,inf,33272.0,inf,219.0,38.0,181.0,0.0,0.0,0.0,0.0,0.0,0.0
667.0,33322.0,94382.0,61060.0,30530.0,1.8324230238281016,67.91227833319765,14489.26894385779,2.2997709635395838,0.0,0.0,1.0,inf,33322.0,inf,219.0,50.0,169.0,0.0,0.0,0.0,0.0,0.0,0.0
668.0,33356.0,94474.0,61118.0,30559.0,1.832294040052764,67.91227833319765,14489.26894385779,2.3021175277542274,0.0,0.0,1.0,inf,33356.0,inf,218.0,34.0,184.0,0.0,0.0,0.0,0.0,0.0,0.0
669.0,33393.0,94577.0,61184.0,30592.0,1.8322402898811128,67.91227833319765,14489.26894385779,2.3046711417525154,0.0,0.0,1.0,inf,33393.0,inf,220.0,37.0,183.0,0.0,0.0,0.0,0.0,0.0,0.0
670.0,33426.0,94672.0,61246.0,30623.0,1.83228624424101,67.91227833319765,14489.26894385779,2.3069486893726108,0.0,0.0,1.0,inf,33426.0,inf,219.0,33.0,186.0,0.0,0.0,0.0,0.0,0.0,0.0
671.0,33465.0,94783.0,61318.0,30659.0,1.8323024054982817,67.91227833319765,14489.26894385779,2.309640336559996,0.0,0.0,1.0,inf,33465.0,inf,220.0,39.0,181.0,0.0,0.0,0.0,0.0,0.0,0.0
672.0,33494.0,94866.0,61372.0,30686.0,1.8323281781811667,67.91227833319765,14489.26894385779,2.311641817801897,0.0,0.0,1.0,inf,33494.0,inf,218.0,29.0,189.0,0.0,0.0,0.0,0.0,0.0,0.0
673.0,33527.0,94957.0,61430.0,30715.0,1.832254600769529,67.91227833319765,14489.26894385779,2.3139193654219925,0.0,0.0,1.0,inf,33527.0,inf,220.0,33.0,187.0,0.0,0.0,0.0,0.0,0.0,0.0
674.0,33564.0,95058.0,61494.0,30747.0,1.832141580264569,67.91227833319765,14489.26894385779,2.3164729794202805,0.0,0.0,1.0,inf,33564.0,inf,219.0,37.0,182.0,0.0,0.0,0.0,0.0,0.0,0.0
675.0,33602.0,95164.0,61562.0,30781.0,1.8320933277781084,67.91227833319765,14489.26894385779,2.3190956100131173,0.0,0.0,1.0,inf,33602.0,inf,219.0,38.0,181.0,0.0,0.0,0.0,0.0,0.0,0.0
676.0,33647.0,95289.0,61642.0,30821.0,1.8320206853508485,67.91227833319765,14489.26894385779,2.3222013567677924,0.0,0.0,1.0,inf,33647.0,inf,220.0,45.0,175.0,0.0,0.0,0.0,0.0,0.0,0.0
677.0,33691.0,95413.0,61722.0,30861.0,1.832002611973524,67.91227833319765,14489.26894385779,2.3252380869279192,0.0,0.0,1.0,inf,33691.0,inf,219.0,44.0,175.0,0.0,0.0,0.0,0.0,0.0,0.0
678.0,33728.0,95518.0,61790.0,30895.0,1.8320090132827325,67.91227833319765,14489.26894385779,2.3277917009262072,0.0,0.0,1.0,inf,33728.0,inf,220.0,37.0,183.0,0.0,0.0,0.0,0.0,0.0,0.0
679.0,33770.0,95636.0,61866.0,30933.0,1.8319810482676933,67.91227833319765,14489.26894385779,2.3306903978972375,0.0,0.0,1.0,inf,33770.0,inf,218.0,42.0,176.0,0.0,0.0,0.0,0.0,0.0,0.0
680.0,33805.0,95733.0,61928.0,30964.0,1.8319183552728886,68.07752464088166,14559.866225938964,2.3217933101456034,0.0,0.0,1.0,inf,33805.0,inf,220.0,35.0,185.0,0.0,0.0,0.0,0.0,0.0,0.0
681.0,33852.0,95866.0,62014.0,31007.0,1.8319153964315256,68.07752464088166,14559.866225938964,2.32502136178225,0.0,0.0,1.0,inf,33852.0,inf,220.0,47.0,173.0,0.0,0.0,0.0,0.0,0.0,0.0
682.0,33887.0,95961.0,62074.0,31037.0,1.8317939032667394,68.07752464088166,14559.866225938964,2.3274252300223064,0.0,0.0,1.0,inf,33887.0,inf,218.0,35.0,183.0,0.0,0.0,0.0,0.0,0.0,0.0
683.0,33922.0,96060.0,62138.0,31069.0,1.8317905783857085,68.07752464088166,14559.866225938964,2.3298290982623624,0.0,0.0,1.0,inf,33922.0,inf,219.0,35.0,184.0,0.0,0.0,0.0,0.0,0.0,0.0
684.0,33966.0,96182.0,62216.0,31108.0,1.8317140670081846,68.07752464088166,14559.866225938964,2.3328511040498614,0.0,0.0,1.0,inf,33966.0,inf,218.0,44.0,174.0,0.0,0.0,0.0,0.0,0.0,0.0
685.0,33997.0,96265.0,62268.0,31134.0,1.831573374121246,68.07752464088166,14559.866225938964,2.334980244491054,0.0,0.0,1.0,inf,33997.0,inf,217.0,31.0,186.0,0.0,0.0,0.0,0.0,0.0,0.0
686.0,34046.0,96402.0,62356.0,31178.0,1.8315220583915879,68.07752464088166,14559.866225938964,2.3383456600271324,0.0,0.0,1.0,inf,34046.0,inf,218.0,49.0,169.0,0.0,0.0,0.0,0.0,0.0,0.0
687.0,34089.0,96529.0,62440.0,31220.0,1.8316759071841358,68.07752464088166,14559.866225938964,2.3412989838649154,0.0,0.0,1.0,inf,34089.0,inf,217.0,43.0,174.0,0.0,0.0,0.0,0.0,0.0,0.0
688.0,34127.0,96637.0,62510.0,31255.0,1.8316875201453395,68.07752464088166,14559.866225938964,2.3439088979541194,0.0,0.0,1.0,inf,34127.0,inf,219.0,38.0,181.0,0.0,0.0,0.0,0.0,0.0,0.0
689.0,34176.0,96776.0,62600.0,31300.0,1.8316947565543071,68.07752464088166,14559.866225938964,2.347274313490198,0.0,0.0,1.0,inf,34176.0,inf,219.0,49.0,170.0,0.0,0.0,0.0,0.0,0.0,0.0
690.0,34207.0,96869.0,62662.0,31331.0,1.831847282719911,68.07752464088166,14559.866225938964,2.3494034539313904,0.0,0.0,1.0,inf,34207.0,inf,220.0,31.0,189.0,0.0,0.0,0.0,0.0,0.0,0.0
691.0,34242.0,96962.0,62720.0,31360.0,1.8316687109397816,68.07752464088166,14559.866225938964,2.3518073221714464,0.0,0.0,1.0,inf,34242.0,inf,220.0,35.0,185.0,0.0,0.0,0.0,0.0,0.0,0.0
692.0,34279.0,97065.0,62786.0,31393.0,1.8316170250007293,68.07752464088166,14559.866225938964,2.3543485543109344,0.0,0.0,1.0,inf,34279.0,inf,220.0,37.0,183.0,0.0,0.0,0.0,0.0,0.0,0.0
693.0,34313.0,97165.0,62852.0,31426.0,1.831725585055227,68.07752464088166,14559.866225938964,2.3566837406012744,0.0,0.0,1.0,inf,34313.0,inf,219.0,34.0,185.0,0.0,0.0,0.0,0.0,0.0,0.0
694.0,34342.0,97244.0,62902.0,31451.0,1.8316347329800244,68.07752464088166,14559.866225938964,2.3586755171430354,0.0,0.0,1.0,inf,34342.0,inf,219.0,29.0,190.0,0.0,0.0,0.0,0.0,0.0,0.0
695.0,34381.0,97357.0,62976.0,31488.0,1.8317093743637474,68.07752464088166,14559.866225938964,2.361354113181955,0.0,0.0,1.0,inf,34381.0,inf,220.0,39.0,181.0,0.0,0.0,0.0,0.0,0.0,0.0
696.0,34418.0,97464.0,63046.0,31523.0,1.831774071706665,68.13631094830441,14585.022555546504,2.3598180852254673,0.0,0.0,1.0,inf,34418.0,inf,216.0,37.0,179.0,0.0,0.0,0.0,0.0,0.0,0.0
697.0,34457.0,97575.0,63118.0,31559.0,1.8317903473894999,68.13631094830441,14585.022555546504,2.36249206120675,0.0,0.0,1.0,inf,34457.0,inf,220.0,39.0,181.0,0.0,0.0,0.0,0.0,0.0,0.0
698.0,34487.0,97659.0,63172.0,31586.0,1.8317626931887379,68.13631094830441,14585.022555546504,2.3645489658077365,0.0,0.0,1.0,inf,34487.0,inf,220.0,30.0,190.0,0.0,0.0,0.0,0.0,0.0,0.0
699.0,34521.0,97753.0,63232.0,31616.0,1.8316966484169057,68.13631094830441,14585.022555546504,2.366880124355522,0.0,0.0,1.0,inf,34521.0,inf,219.0,34.0,185.0,0.0,0.0,0.0,0.0,0.0,0.0
700.0,34557.0,97857.0,63300.0,31650.0,1.831756228839309,68.13631094830441,14585.022555546504,2.369348409876706,0.0,0.0,1.0,inf,34557.0,inf,218.0,36.0,182.0,0.0,0.0,0.0,0.0,0.0,0.0
