t,site_subsystems,total_subsystems,interface_subsystems,n_links,mean_degree,hilbert_log2_dim,frontier_radius,volume_proxy,density,energy_remaining,energy_density,creation_rate_modifier,births_attempted,births_accepted,births_reject_lightcone,births_reject_exclusion,births_reject_energy,links_added_from_births,random_links_attempts,random_links_added
0,2,4,2,1,1.0,6.339850002884624,0.0,0.031415926535897934,33.86673904493438,0.0,0.0,1.0,0,0,0,0,0,0,0,0
1,2,4,2,1,1.0,6.339850002884624,0.13710502452674858,0.05905499190064921,33.86673904493438,0.0,0.0,1.0,0,0,0,0,0,0,4,0
2,3,7,4,2,1.3333333333333333,11.094737505048093,0.712877677529258,1.5965403689223765,1.879063040557454,0.0,0.0,1.0,1,1,0,0,0,1,6,0
3,3,7,4,2,1.3333333333333333,11.094737505048093,0.712877677529258,1.5965403689223765,1.879063040557454,0.0,0.0,1.0,0,0,0,0,0,0,6,0
4,3,7,4,2,1.3333333333333333,11.094737505048093,0.712877677529258,1.5965403689223765,1.879063040557454,0.0,0.0,1.0,0,0,0,0,0,0,6,0
5,3,9,6,3,2.0,14.264662506490405,0.712877677529258,1.5965403689223765,1.879063040557454,0.0,0.0,1.0,0,0,0,0,0,0,6,1
6,3,9,6,3,2.0,14.264662506490405,0.712877677529258,1.5965403689223765,1.879063040557454,0.0,0.0,1.0,0,0,0,0,0,0,6,0
7,3,9,6,3,2.0,14.264662506490405,0.712877677529258,1.5965403689223765,1.879063040557454,0.0,0.0,1.0,1,0,0,1,0,0,6,0
8,3,9,6,3,2.0,14.264662506490405,0.712877677529258,1.5965403689223765,1.879063040557454,0.0,0.0,1.0,0,0,0,0,0,0,6,0
9,4,12,8,4,2.0,19.019550008653873,0.712877677529258,1.5965403689223765,2.5054173874099384,0.0,0.0,1.0,1,1,0,0,0,1,8,0
10,4,12,8,4,2.0,19.019550008653873,0.712877677529258,1.5965403689223765,2.5054173874099384,0.0,0.0,1.0,0,0,0,0,0,0,8,0
11,4,12,8,4,2.0,19.019550008653873,0.712877677529258,1.5965403689223765,2.5054173874099384,0.0,0.0,1.0,0,0,0,0,0,0,8,0
12,4,12,8,4,2.0,19.019550008653873,0.712877677529258,1.5965403689223765,2.5054173874099384,0.0,0.0,1.0,0,0,0,0,0,0,8,0
13,5,15,10,5,2.0,23.774437510817343,0.9526792742746953,2.851302579739912,1.7535844969691312,0.0,0.0,1.0,1,1,0,0,0,1,10,0
14,6,18,12,6,2.0,28.52932501298081,0.9526792742746953,2.851302579739912,2.1043013963629575,0.0,0.0,1.0,1,1,0,0,0,1,12,0
15,6,18,12,6,2.0,28.52932501298081,0.9526792742746953,2.851302579739912,2.1043013963629575,0.0,0.0,1.0,0,0,0,0,0,0,12,0
16,7,21,14,7,2.0,33.284212515144276,0.9526792742746953,2.851302579739912,2.455018295756784,0.0,0.0,1.0,1,1,0,0,0,1,14,0
17,8,24,16,8,2.0,38.039100017307746,0.9526792742746953,2.851302579739912,2.80573519515061,0.0,0.0,1.0,1,1,0,0,0,1,16,0
18,9,27,18,9,2.0,42.793987519471216,0.9526792742746953,2.851302579739912,3.156452094544436,0.0,0.0,1.0,1,1,0,0,0,1,18,0
19,9,29,20,10,2.2222222222222223,45.963912520913524,0.9526792742746953,2.851302579739912,3.156452094544436,0.0,0.0,1.0,0,0,0,0,0,0,18,1
20,9,29,20,10,2.2222222222222223,45.963912520913524,0.9526792742746953,2.851302579739912,3.156452094544436,0.0,0.0,1.0,0,0,0,0,0,0,18,0
21,10,32,22,11,2.2,50.718800023076994,0.9526792742746953,2.851302579739912,3.5071689939382624,0.0,0.0,1.0,1,1,0,0,0,0,20,1
22,11,35,24,12,2.1818181818181817,55.473687525240464,0.9526792742746953,2.851302579739912,3.8578858933320888,0.0,0.0,1.0,2,1,0,1,0,1,22,0
23,13,39,26,13,2.0,61.81353752812508,0.9526792742746953,2.851302579739912,4.559319692119741,0.0,0.0,1.0,3,2,0,1,0,1,26,0
24,13,39,26,13,2.0,61.81353752812508,0.9526792742746953,2.851302579739912,4.559319692119741,0.0,0.0,1.0,0,0,0,0,0,0,26,0
25,16,48,32,16,2.0,76.07820003461549,0.9526792742746953,2.851302579739912,5.61147039030122,0.0,0.0,1.0,3,3,0,0,0,3,32,0
26,17,49,32,16,1.8823529411764706,77.66316253533665,0.9526792742746953,2.851302579739912,5.962187289695046,0.0,0.0,1.0,1,1,0,0,0,0,34,0
27,18,50,32,16,1.7777777777777777,79.2481250360578,1.0685212521223975,3.5868746645775933,5.018296339640783,0.0,0.0,1.0,2,1,0,1,0,0,36,0
28,18,50,32,16,1.7777777777777777,79.2481250360578,1.0685212521223975,3.5868746645775933,5.018296339640783,0.0,0.0,1.0,0,0,0,0,0,0,36,0
29,19,55,36,18,1.894736842105263,87.1729375396636,1.0685212521223975,3.5868746645775933,5.297090580731938,0.0,0.0,1.0,2,1,0,1,0,1,38,1
30,21,61,40,20,1.9047619047619047,96.68271254399052,1.0685212521223975,3.5868746645775933,5.854679062914248,0.0,0.0,1.0,3,2,0,1,0,2,42,0
31,21,61,40,20,1.9047619047619047,96.68271254399052,1.0685212521223975,3.5868746645775933,5.854679062914248,0.0,0.0,1.0,0,0,0,0,0,0,42,0
32,21,61,40,20,1.9047619047619047,96.68271254399052,1.0685212521223975,3.5868746645775933,5.854679062914248,0.0,0.0,1.0,2,0,0,2,0,0,42,0
33,23,69,46,23,2.0,109.36241254975977,1.0685212521223975,3.5868746645775933,6.412267545096557,0.0,0.0,1.0,2,2,0,0,0,1,46,2
34,24,72,48,24,2.0,114.11730005192324,1.2481212904516985,4.893994259353109,4.903969789938482,0.0,0.0,1.0,2,1,0,1,0,1,48,0
35,26,78,52,26,2.0,123.62707505625016,1.280915302680832,5.154549336537318,5.0440879119543105,0.0,0.0,1.0,3,2,0,1,0,1,52,1
36,27,83,56,28,2.074074074074074,131.55188755985597,1.280915302680832,5.154549336537318,5.238091293183323,0.0,0.0,1.0,3,1,0,2,0,0,54,2
37,27,83,56,28,2.074074074074074,131.55188755985597,1.280915302680832,5.154549336537318,5.238091293183323,0.0,0.0,1.0,2,0,0,2,0,0,54,0
38,29,89,60,30,2.0689655172413794,141.06166256418288,1.280915302680832,5.154549336537318,5.6260980556413465,0.0,0.0,1.0,3,2,0,1,0,2,58,0
39,30,90,60,30,2.0,142.64662506490407,1.280915302680832,5.154549336537318,5.820101436870359,0.0,0.0,1.0,4,1,0,3,0,0,60,0
40,31,95,64,32,2.064516129032258,150.57143756850982,1.280915302680832,5.154549336537318,6.014104818099371,0.0,0.0,1.0,2,1,0,1,0,0,62,2
41,31,97,66,33,2.129032258064516,153.74136256995214,1.280915302680832,5.154549336537318,6.014104818099371,0.0,0.0,1.0,0,0,0,0,0,0,62,1
42,33,101,68,34,2.0606060606060606,160.08121257283676,1.280915302680832,5.154549336537318,6.402111580557395,0.0,0.0,1.0,3,2,0,1,0,1,66,0
43,36,110,74,37,2.0555555555555554,174.34587507932716,1.280915302680832,5.154549336537318,6.984121724244431,0.0,0.0,1.0,3,3,0,0,0,3,72,0
44,38,116,78,39,2.0526315789473686,183.8556500836541,1.280915302680832,5.154549336537318,7.372128486702454,0.0,0.0,1.0,4,2,0,2,0,1,76,1
45,41,123,82,41,2.0,194.9503875887022,1.385624512226054,6.031717430771586,6.797400652562602,0.0,0.0,1.0,3,3,0,0,0,1,82,1
46,42,124,82,41,1.9523809523809523,196.53535008942336,1.385624512226054,6.031717430771586,6.963190912381202,0.0,0.0,1.0,1,1,0,0,0,0,84,0
47,43,127,84,42,1.9534883720930232,201.29023759158682,1.385624512226054,6.031717430771586,7.128981172199802,0.0,0.0,1.0,3,1,0,2,0,1,86,0
48,43,129,86,43,2.0,204.46016259302914,1.385624512226054,6.031717430771586,7.128981172199802,0.0,0.0,1.0,4,0,0,4,0,0,86,1
49,44,132,88,44,2.0,209.21505009519262,1.385624512226054,6.031717430771586,7.294771432018402,0.0,0.0,1.0,4,1,0,3,0,1,88,0
50,46,136,90,45,1.9565217391304348,215.5549000980772,1.385624512226054,6.031717430771586,7.626351951655602,0.0,0.0,1.0,5,2,0,3,0,1,92,0
51,47,141,94,47,2.0,223.479712601683,1.385624512226054,6.031717430771586,7.792142211474203,0.0,0.0,1.0,4,1,0,3,0,0,94,2
52,49,147,98,49,2.0,232.98948760600996,1.385624512226054,6.031717430771586,8.123722731111403,0.0,0.0,1.0,5,2,0,3,0,2,98,0
53,49,151,102,51,2.0816326530612246,239.32933760889458,1.385624512226054,6.031717430771586,8.123722731111403,0.0,0.0,1.0,1,0,0,1,0,0,98,2
54,49,151,102,51,2.0816326530612246,239.32933760889458,1.385624512226054,6.031717430771586,8.123722731111403,0.0,0.0,1.0,1,0,0,1,0,0,98,0
55,52,162,110,55,2.1153846153846154,256.7639251168273,1.672286152195978,8.78559258197755,5.918781176658583,0.0,0.0,1.0,5,3,0,2,0,3,104,1
56,53,165,112,56,2.1132075471698113,261.51881261899075,1.672286152195978,8.78559258197755,6.0326038915943245,0.0,0.0,1.0,3,1,0,2,0,0,106,1
57,53,165,112,56,2.1132075471698113,261.51881261899075,1.672286152195978,8.78559258197755,6.0326038915943245,0.0,0.0,1.0,1,0,0,1,0,0,106,0
58,54,170,116,58,2.1481481481481484,269.44362512259653,1.672286152195978,8.78559258197755,6.146426606530067,0.0,0.0,1.0,4,1,0,3,0,1,108,1
59,55,177,122,61,2.2181818181818183,280.53836262764463,1.672286152195978,8.78559258197755,6.260249321465809,0.0,0.0,1.0,5,1,0,4,0,0,110,3
60,57,185,128,64,2.245614035087719,293.21806263341387,1.6992471015226542,9.071162528599398,6.283648850992519,0.0,0.0,1.0,5,2,0,3,0,2,114,1
61,61,195,134,67,2.19672131147541,309.0676876406254,1.6992471015226542,9.071162528599398,6.724606665097257,0.0,0.0,1.0,7,4,0,3,0,3,122,0
62,66,208,142,71,2.1515151515151514,329.67220015000044,1.6992471015226542,9.071162528599398,7.27580393272818,0.0,0.0,1.0,8,5,0,3,0,2,132,2
63,69,215,146,73,2.1159420289855073,340.76693765504854,1.6992471015226542,9.071162528599398,7.606522293306734,0.0,0.0,1.0,11,3,0,8,0,1,138,1
64,71,221,150,75,2.112676056338028,350.2767126593755,1.6992471015226542,9.071162528599398,7.827001200359103,0.0,0.0,1.0,3,2,0,1,0,1,142,1
65,72,230,158,79,2.1944444444444446,364.5413751658659,1.6992471015226542,9.071162528599398,7.937240653885287,0.0,0.0,1.0,6,1,0,5,0,1,144,3
66,75,239,164,82,2.1866666666666665,378.8060376723563,1.9259847595331505,11.653478119784715,6.435846811491293,0.0,0.0,1.0,8,3,0,5,0,2,150,1
67,76,242,166,83,2.1842105263157894,383.56092517451975,1.9259847595331505,11.653478119784715,6.521658102311176,0.0,0.0,1.0,6,1,0,5,0,0,152,1
68,80,252,172,86,2.15,399.4105501817313,1.9259847595331505,11.653478119784715,6.864903265590712,0.0,0.0,1.0,6,4,0,2,0,2,160,1
69,80,252,172,86,2.15,399.4105501817313,1.9259847595331505,11.653478119784715,6.864903265590712,0.0,0.0,1.0,6,0,0,6,0,0,160,0
70,82,258,176,88,2.1463414634146343,408.92032518605834,1.9259847595331505,11.653478119784715,7.03652584723048,0.0,0.0,1.0,12,2,0,10,0,1,164,1
71,85,267,182,91,2.1411764705882352,423.1849876925487,1.9259847595331505,11.653478119784715,7.293959719690132,0.0,0.0,1.0,6,3,0,3,0,2,170,1
72,88,274,186,93,2.1136363636363638,434.2797251975968,1.9259847595331505,11.653478119784715,7.551393592149783,0.0,0.0,1.0,7,3,0,4,0,1,176,1
73,92,286,194,97,2.108695652173913,453.2992752062506,1.9629809283513697,12.105480515444409,7.5998635397103484,0.0,0.0,1.0,12,4,0,8,0,3,184,1
74,94,298,204,102,2.1702127659574466,472.3188252149045,1.9629809283513697,12.105480515444409,7.76507796448666,0.0,0.0,1.0,7,2,0,5,0,1,188,4
75,99,313,214,107,2.1616161616161618,496.09326272572184,1.9629809283513697,12.105480515444409,8.17811402642744,0.0,0.0,1.0,9,5,0,4,0,3,198,2
76,100,314,214,107,2.14,497.67822522644303,1.9629809283513697,12.105480515444409,8.260721238815597,0.0,0.0,1.0,9,1,0,8,0,0,200,0
77,103,323,220,110,2.1359223300970873,511.9428877329334,1.9629809283513697,12.105480515444409,8.508542875980064,0.0,0.0,1.0,11,3,0,8,0,2,206,1
78,103,325,222,111,2.1553398058252426,515.1128127343757,1.9629809283513697,12.105480515444409,8.508542875980064,0.0,0.0,1.0,12,0,0,12,0,0,206,1
79,105,331,226,113,2.1523809523809523,524.6225877387027,1.9629809283513697,12.105480515444409,8.673757300756376,0.0,0.0,1.0,5,2,0,3,0,1,210,1
80,109,343,234,117,2.146788990825688,543.6421377473565,1.9629809283513697,12.105480515444409,9.004186150309,0.0,0.0,1.0,12,4,0,8,0,3,218,1
81,114,358,244,122,2.1403508771929824,567.4165752581739,1.9629809283513697,12.105480515444409,9.41722221224978,0.0,0.0,1.0,11,5,0,6,0,4,228,1
82,115,361,246,123,2.139130434782609,572.1714627603374,1.9629809283513697,12.105480515444409,9.499829424637936,0.0,0.0,1.0,10,1,0,9,0,0,230,1
83,116,368,252,126,2.1724137931034484,583.2662002653854,1.9629809283513697,12.105480515444409,9.582436637026092,0.0,0.0,1.0,11,1,0,10,0,0,232,3
84,116,370,254,127,2.189655172413793,586.4361252668277,1.9629809283513697,12.105480515444409,9.582436637026092,0.0,0.0,1.0,9,0,0,9,0,0,232,1
85,119,377,258,129,2.168067226890756,597.5308627718758,2.2135266907723294,15.39286281523922,7.730855619799833,0.0,0.0,1.0,10,3,0,7,0,2,238,0
86,122,394,272,136,2.2295081967213113,624.4752252841355,2.2135266907723294,15.39286281523922,7.92575113962672,0.0,0.0,1.0,14,3,0,11,0,2,244,5
87,123,403,280,140,2.2764227642276422,638.739887790626,2.2135266907723294,15.39286281523922,7.990716312902348,0.0,0.0,1.0,11,1,0,10,0,0,246,4
88,130,422,292,146,2.246153846153846,668.8541753043279,2.2135266907723294,15.39286281523922,8.44547252583175,0.0,0.0,1.0,14,7,0,7,0,3,260,3
89,133,433,300,150,2.255639097744361,686.2887628122605,2.2135266907723294,15.39286281523922,8.640368045658636,0.0,0.0,1.0,12,3,0,9,0,3,266,1
90,134,438,304,152,2.2686567164179103,694.2135753158664,2.2135266907723294,15.39286281523922,8.705333218934266,0.0,0.0,1.0,5,1,0,4,0,1,268,1
91,136,448,312,156,2.2941176470588234,710.0632003230779,2.2135266907723294,15.39286281523922,8.835263565485524,0.0,0.0,1.0,9,2,0,7,0,1,272,3
92,138,454,316,158,2.289855072463768,719.5729753274048,2.2135266907723294,15.39286281523922,8.965193912036781,0.0,0.0,1.0,10,2,0,8,0,2,276,0
93,143,465,322,161,2.2517482517482517,737.0075628353376,2.2135266907723294,15.39286281523922,9.290019778414926,0.0,0.0,1.0,15,5,0,10,0,1,286,2
94,147,475,328,164,2.2312925170068025,752.8571878425491,2.2135266907723294,15.39286281523922,9.54988047151744,0.0,0.0,1.0,19,4,0,15,0,3,294,0
95,151,485,334,167,2.2119205298013247,768.7068128497607,2.2135266907723294,15.39286281523922,9.809741164619956,0.0,0.0,1.0,10,4,0,6,0,1,302,2
96,152,488,336,168,2.210526315789474,773.4617003519242,2.2135266907723294,15.39286281523922,9.874706337895585,0.0,0.0,1.0,10,1,0,9,0,1,304,0
97,157,501,344,172,2.1910828025477707,794.0662128612992,2.2135266907723294,15.39286281523922,10.19953220427373,0.0,0.0,1.0,24,5,0,19,0,2,314,2
98,160,510,350,175,2.1875,808.3308753677895,2.2135266907723294,15.39286281523922,10.394427724100616,0.0,0.0,1.0,10,3,0,7,0,1,320,2
99,162,518,356,178,2.197530864197531,821.0105753735588,2.2135266907723294,15.39286281523922,10.524358070651873,0.0,0.0,1.0,16,2,0,14,0,1,324,2
100,165,529,364,182,2.206060606060606,838.4451628814916,2.2135266907723294,15.39286281523922,10.719253590478761,0.0,0.0,1.0,13,3,0,10,0,1,330,3
101,167,531,364,182,2.179640718562874,841.615087882934,2.2351242337817485,15.694706816469743,10.640530081438234,0.0,0.0,1.0,16,2,0,14,0,0,334,0
102,170,538,368,184,2.164705882352941,852.7098253879819,2.295841342380106,16.558981351708002,10.266331991639394,0.0,0.0,1.0,12,3,0,9,0,2,340,0
103,172,544,372,186,2.1627906976744184,862.219600392309,2.295841342380106,16.558981351708002,10.387112368011621,0.0,0.0,1.0,15,2,0,13,0,1,344,1
104,177,565,388,194,2.1920903954802258,895.5038129074533,2.6096351199864483,21.394860024971102,8.273015097711024,0.0,0.0,1.0,17,5,0,12,0,4,354,4
105,182,580,398,199,2.1868131868131866,919.2782504182705,2.6096351199864483,21.394860024971102,8.506716089171789,0.0,0.0,1.0,12,5,0,7,0,3,364,2
106,187,599,412,206,2.2032085561497325,949.3925379319726,2.968375510749615,27.681368236644904,6.755446421627646,0.0,0.0,1.0,19,5,0,14,0,4,374,3
107,191,617,426,213,2.230366492146597,977.9218629449533,2.968375510749615,27.681368236644904,6.899947949362997,0.0,0.0,1.0,18,4,0,14,0,3,382,4
108,193,625,432,216,2.238341968911917,990.6015629507226,3.0357349914304965,28.95193438281845,6.66622124269997,0.0,0.0,1.0,16,2,0,14,0,1,386,2
109,195,635,440,220,2.2564102564102564,1006.451187957934,3.0357349914304965,28.95193438281845,6.73530125557769,0.0,0.0,1.0,18,2,0,16,0,2,390,2
110,197,643,446,223,2.263959390862944,1019.1308879637033,3.0357349914304965,28.95193438281845,6.80438126845541,0.0,0.0,1.0,21,2,0,19,0,2,394,1
111,204,666,462,231,2.264705882352941,1055.58502548029,3.0357349914304965,28.95193438281845,7.0461613135274295,0.0,0.0,1.0,19,7,0,12,0,6,408,2
112,207,683,476,238,2.2995169082125604,1082.5293879925496,3.0357349914304965,28.95193438281845,7.149781332844009,0.0,0.0,1.0,25,3,0,22,0,3,414,4
113,213,701,488,244,2.291079812206573,1111.0587130055305,3.0357349914304965,28.95193438281845,7.357021371477169,0.0,0.0,1.0,31,6,0,25,0,2,426,4
114,215,707,492,246,2.2883720930232556,1120.5684880098574,3.0357349914304965,28.95193438281845,7.426101384354889,0.0,0.0,1.0,22,2,0,20,0,0,430,2
115,218,714,496,248,2.2752293577981653,1131.6632255149054,3.0357349914304965,28.95193438281845,7.529721403671469,0.0,0.0,1.0,12,3,0,9,0,1,436,1
116,219,721,502,251,2.2922374429223744,1142.7579630199534,3.0357349914304965,28.95193438281845,7.564261410110329,0.0,0.0,1.0,17,1,0,16,0,1,438,2
117,225,739,514,257,2.2844444444444445,1171.2872880329342,3.0357349914304965,28.95193438281845,7.771501448743488,0.0,0.0,1.0,22,6,0,16,0,4,450,2
118,227,745,518,259,2.2819383259911894,1180.7970630372613,3.0357349914304965,28.95193438281845,7.840581461621208,0.0,0.0,1.0,19,2,0,17,0,1,454,1
119,229,757,528,264,2.3056768558951966,1199.8166130459151,3.0357349914304965,28.95193438281845,7.909661474498928,0.0,0.0,1.0,18,2,0,16,0,1,458,4
120,232,764,532,266,2.293103448275862,1210.911350550963,3.0357349914304965,28.95193438281845,8.013281493815509,0.0,0.0,1.0,26,3,0,23,0,1,464,1
121,240,790,550,275,2.2916666666666665,1252.1203755697134,3.0357349914304965,28.95193438281845,8.289601545326388,0.0,0.0,1.0,31,8,0,23,0,7,480,2
122,245,803,558,279,2.2775510204081635,1272.7248880790883,3.3225183932104296,34.68044491350693,7.064499910858418,0.0,0.0,1.0,26,5,0,21,0,3,490,1
123,248,816,568,284,2.2903225806451615,1293.3294005884634,3.4145985297843335,36.629346513206315,6.770527558021989,0.0,0.0,1.0,27,3,0,24,0,2,496,3
124,253,827,574,287,2.268774703557312,1310.7639880963961,3.4145985297843335,36.629346513206315,6.907030129756303,0.0,0.0,1.0,17,5,0,12,0,2,500,1
125,255,837,582,291,2.2823529411764705,1326.6136131036076,3.4145985297843335,36.629346513206315,6.961631158450029,0.0,0.0,1.0,21,2,0,19,0,1,500,3
126,260,852,592,296,2.276923076923077,1350.388050614425,3.4145985297843335,36.629346513206315,7.098133730184343,0.0,0.0,1.0,27,5,0,22,0,3,500,2
127,261,855,594,297,2.2758620689655173,1355.1429381165885,3.4145985297843335,36.629346513206315,7.125434244531206,0.0,0.0,1.0,29,1,0,28,0,1,500,0
128,268,876,608,304,2.2686567164179103,1388.4271506317327,3.4145985297843335,36.629346513206315,7.316537844959246,0.0,0.0,1.0,29,7,0,22,0,3,500,4
129,277,891,614,307,2.216606498194946,1412.20158814255,3.4145985297843335,36.629346513206315,7.562242474081011,0.0,0.0,1.0,31,9,0,22,0,2,500,1
130,278,896,618,309,2.223021582733813,1420.1264006461558,3.4145985297843335,36.629346513206315,7.5895429884278744,0.0,0.0,1.0,15,1,0,14,0,1,500,1
131,281,905,624,312,2.2206405693950177,1434.3910631526462,3.4145985297843335,36.629346513206315,7.671444531468463,0.0,0.0,1.0,20,3,0,17,0,1,500,2
132,288,914,626,313,2.173611111111111,1448.6557256591366,3.4145985297843335,36.629346513206315,7.862548131896503,0.0,0.0,1.0,28,7,0,21,0,1,500,0
133,290,922,632,316,2.179310344827586,1461.3354256649059,3.4145985297843335,36.629346513206315,7.917149160590228,0.0,0.0,1.0,18,2,0,16,0,1,500,2
134,292,926,634,317,2.171232876712329,1467.6752756677906,3.4145985297843335,36.629346513206315,7.971750189283955,0.0,0.0,1.0,23,2,0,21,0,1,500,0
135,298,944,646,323,2.1677852348993287,1496.2046006807714,3.4145985297843335,36.629346513206315,8.135553275365131,0.0,0.0,1.0,33,6,0,27,0,3,500,3
136,305,963,658,329,2.1573770491803277,1526.3188881944732,3.4145985297843335,36.629346513206315,8.326656875793171,0.0,0.0,1.0,20,7,0,13,0,6,500,0
137,314,986,672,336,2.140127388535032,1562.7730257110597,3.806424710834421,45.51812465819896,6.898350983434919,0.0,0.0,1.0,29,9,0,20,0,6,500,1
138,317,995,678,339,2.138801261829653,1577.03768821755,3.806424710834421,45.51812465819896,6.964258795378565,0.0,0.0,1.0,29,3,0,26,0,1,500,2
139,321,1001,680,340,2.1183800623052957,1586.5474632218773,3.806424710834421,45.51812465819896,7.052135877970092,0.0,0.0,1.0,30,4,0,26,0,1,500,0
140,329,1025,696,348,2.115501519756839,1624.5865632391851,3.8088740356772677,45.57672271378922,7.218597134902399,0.0,0.0,1.0,27,8,0,19,0,6,500,2
141,334,1040,706,353,2.1137724550898205,1648.3610007500024,3.8088740356772677,45.57672271378922,7.328302258533135,0.0,0.0,1.0,24,5,0,19,0,4,500,1
142,336,1050,714,357,2.125,1664.2106257572138,3.8088740356772677,45.57672271378922,7.372184307985429,0.0,0.0,1.0,24,2,0,22,0,2,500,2
143,339,1063,724,362,2.135693215339233,1684.815138266589,3.8088740356772677,45.57672271378922,7.43800738216387,0.0,0.0,1.0,26,3,0,23,0,2,500,3
144,344,1076,732,366,2.127906976744186,1705.4196507759639,3.8088740356772677,45.57672271378922,7.547712505794606,0.0,0.0,1.0,32,5,0,27,0,4,500,0
145,353,1097,744,372,2.1076487252124645,1738.7038632911083,3.8088740356772677,45.57672271378922,7.74518172832993,0.0,0.0,1.0,43,9,0,34,0,6,500,0
146,357,1107,750,375,2.100840336134454,1754.5534882983197,3.8088740356772677,45.57672271378922,7.832945827234519,0.0,0.0,1.0,33,4,0,29,0,3,500,0
147,364,1126,762,381,2.0934065934065935,1784.6677758120218,4.012081917091478,50.569592740070306,7.198001413042306,0.0,0.0,1.0,34,7,0,27,0,5,500,1
148,371,1141,770,385,2.0754716981132075,1808.442213322839,4.0271552571847655,50.950285144793476,7.2816079232073125,0.0,0.0,1.0,35,7,0,28,0,2,500,2
149,382,1166,784,392,2.0523560209424083,1848.066275840868,4.0271552571847655,50.950285144793476,7.497504654084079,0.0,0.0,1.0,38,11,0,27,0,6,500,1
150,387,1177,790,395,2.041343669250646,1865.5008633488007,4.0271552571847655,50.950285144793476,7.595639531755337,0.0,0.0,1.0,30,5,0,25,0,3,500,0
151,391,1187,796,398,2.0358056265984654,1881.3504883560122,4.0271552571847655,50.950285144793476,7.674147433892343,0.0,0.0,1.0,48,4,0,44,0,2,500,1
152,398,1202,804,402,2.020100502512563,1905.1249258668297,4.0271552571847655,50.950285144793476,7.811536262632103,0.0,0.0,1.0,30,7,0,23,0,3,500,1
153,405,1219,814,407,2.0098765432098764,1932.0692883790894,4.0271552571847655,50.950285144793476,7.948925091371864,0.0,0.0,1.0,38,7,0,31,0,4,500,1
154,409,1235,826,413,2.019559902200489,1957.4286883906277,4.0271552571847655,50.950285144793476,8.027432993508869,0.0,0.0,1.0,27,4,0,23,0,3,500,3
155,418,1262,844,422,2.0191387559808613,2000.222675910099,4.0271552571847655,50.950285144793476,8.204075773317134,0.0,0.0,1.0,35,9,0,26,0,9,500,0
156,424,1280,856,428,2.018867924528302,2028.7520009230798,4.517643280640858,64.11708117458647,6.612902400305415,0.0,0.0,1.0,40,6,0,34,0,5,500,1
157,431,1295,864,432,2.0046403712296983,2052.526438433897,4.517643280640858,64.11708117458647,6.722077675782155,0.0,0.0,1.0,32,7,0,25,0,3,500,1
158,437,1313,876,438,2.004576659038902,2081.055763446878,5.162892463041365,83.74059286848096,5.218496609957511,0.0,0.0,1.0,30,6,0,24,0,5,500,1
159,444,1326,882,441,1.9864864864864864,2101.660275956253,5.162892463041365,83.74059286848096,5.302088088835549,0.0,0.0,1.0,40,7,0,33,0,3,500,0
160,450,1340,890,445,1.9777777777777779,2123.8497509663493,5.162892463041365,83.74059286848096,5.373737927873867,0.0,0.0,1.0,30,6,0,24,0,3,500,1
161,458,1356,898,449,1.960698689956332,2149.2091509778875,5.162892463041365,83.74059286848096,5.469271046591625,0.0,0.0,1.0,46,8,0,38,0,3,500,1
162,464,1376,912,456,1.9655172413793103,2180.908400992311,5.162892463041365,83.74059286848096,5.540920885629943,0.0,0.0,1.0,30,6,0,24,0,5,500,2
163,473,1395,922,461,1.9492600422832982,2211.022688506013,5.162892463041365,83.74059286848096,5.648395644187421,0.0,0.0,1.0,45,9,0,36,0,4,500,1
164,479,1405,926,463,1.9331941544885178,2226.8723135132245,5.162892463041365,83.74059286848096,5.720045483225738,0.0,0.0,1.0,46,6,0,40,0,1,500,1
165,486,1424,938,469,1.9300411522633745,2256.986601026926,5.162892463041365,83.74059286848096,5.803636962103776,0.0,0.0,1.0,30,7,0,23,0,5,500,1
166,488,1430,942,471,1.930327868852459,2266.496376031253,5.162892463041365,83.74059286848096,5.8275202417832155,0.0,0.0,1.0,31,2,0,29,0,1,500,1
167,497,1459,962,481,1.9356136820925554,2312.4602885521667,5.162892463041365,83.74059286848096,5.9349950003406935,0.0,0.0,1.0,37,9,0,28,0,7,500,3
168,500,1468,968,484,1.936,2326.724951058657,5.162892463041365,83.74059286848096,5.970819919859852,0.0,0.0,1.0,32,3,0,29,0,3,500,0
169,508,1486,978,489,1.9251968503937007,2355.254276071638,5.162892463041365,83.74059286848096,6.06635303857761,0.0,0.0,1.0,42,8,0,34,0,5,500,0
170,516,1502,986,493,1.9108527131782946,2380.6136760831764,5.162892463041365,83.74059286848096,6.161886157295368,0.0,0.0,1.0,43,8,0,35,0,4,500,0
171,519,1509,990,495,1.907514450867052,2391.7084135882246,5.162892463041365,83.74059286848096,6.197711076814526,0.0,0.0,1.0,34,3,0,31,0,2,500,0
172,529,1537,1008,504,1.9054820415879017,2436.087363608417,5.162892463041365,83.74059286848096,6.3171274752117235,0.0,0.0,1.0,41,10,0,31,0,7,500,2
173,533,1545,1012,506,1.898686679174484,2448.767063614186,5.162892463041365,83.74059286848096,6.364894034570603,0.0,0.0,1.0,45,4,0,41,0,2,500,0
174,535,1549,1014,507,1.8953271028037384,2455.106913617071,5.162892463041365,83.74059286848096,6.388777314250042,0.0,0.0,1.0,39,2,0,37,0,0,500,1
175,541,1573,1032,516,1.9075785582255083,2493.1460136343785,5.162892463041365,83.74059286848096,6.46042715328836,0.0,0.0,1.0,47,6,0,41,0,4,500,5
176,547,1591,1044,522,1.9085923217550274,2521.6753386473592,5.162892463041365,83.74059286848096,6.532076992326679,0.0,0.0,1.0,32,6,0,26,0,3,500,3
177,551,1603,1052,526,1.9092558983666061,2540.694888656013,5.162892463041365,83.74059286848096,6.579843551685557,0.0,0.0,1.0,48,4,0,44,0,3,500,1
178,556,1618,1062,531,1.910071942446043,2564.4693261668303,5.162892463041365,83.74059286848096,6.639551750884156,0.0,0.0,1.0,35,5,0,30,0,5,500,0
179,566,1646,1080,540,1.9081272084805654,2608.8482761870227,5.162892463041365,83.74059286848096,6.758968149281353,0.0,0.0,1.0,51,10,0,41,0,6,500,3
180,571,1661,1090,545,1.9089316987740805,2632.62271369784,5.162892463041365,83.74059286848096,6.8186763484799515,0.0,0.0,1.0,44,5,0,39,0,3,500,2
181,578,1678,1100,550,1.9031141868512111,2659.5670762101,5.162892463041365,83.74059286848096,6.902267827357989,0.0,0.0,1.0,44,7,0,37,0,5,500,0
182,594,1716,1122,561,1.8888888888888888,2719.795651237504,5.162892463041365,83.74059286848096,7.093334064793504,0.0,0.0,1.0,47,16,0,31,0,10,500,1
183,603,1745,1142,571,1.8938640132669984,2765.7595637584172,5.162892463041365,83.74059286848096,7.2008088233509815,0.0,0.0,1.0,55,9,0,46,0,7,500,3
184,610,1758,1148,574,1.881967213114754,2786.3640762677924,5.162892463041365,83.74059286848096,7.284400302229019,0.0,0.0,1.0,54,7,0,47,0,2,500,1
185,616,1778,1162,581,1.8863636363636365,2818.0633262822157,5.162892463041365,83.74059286848096,7.356050141267338,0.0,0.0,1.0,47,6,0,41,0,4,500,3
186,627,1807,1180,590,1.8819776714513556,2864.027238803129,5.162892463041365,83.74059286848096,7.487408179504254,0.0,0.0,1.0,43,11,0,32,0,6,500,3
187,630,1816,1186,593,1.8825396825396825,2878.2919013096193,5.162892463041365,83.74059286848096,7.523233099023414,0.0,0.0,1.0,50,3,0,47,0,2,500,1
188,637,1837,1200,600,1.8838304552590266,2911.5761138247635,5.162892463041365,83.74059286848096,7.606824577901452,0.0,0.0,1.0,48,7,0,41,0,3,500,4
189,642,1846,1204,602,1.8753894080996885,2925.840776331254,5.162892463041365,83.74059286848096,7.66653277710005,0.0,0.0,1.0,44,5,0,39,0,2,500,0
190,648,1862,1214,607,1.873456790123457,2951.2001763427925,5.162892463041365,83.74059286848096,7.738182616138369,0.0,0.0,1.0,47,6,0,41,0,4,500,1
191,658,1884,1226,613,1.8632218844984803,2986.069351358658,5.162892463041365,83.74059286848096,7.857599014535565,0.0,0.0,1.0,55,10,0,45,0,5,500,1
192,663,1901,1238,619,1.8672699849170438,3013.013713870918,5.162892463041365,83.74059286848096,7.917307213734164,0.0,0.0,1.0,61,5,0,56,0,5,500,1
193,667,1911,1244,622,1.8650674662668665,3028.863338878129,5.162892463041365,83.74059286848096,7.965073773093043,0.0,0.0,1.0,45,4,0,41,0,3,500,0
194,673,1925,1252,626,1.8603268945022289,3051.0528138882255,5.162892463041365,83.74059286848096,8.036723612131361,0.0,0.0,1.0,42,6,0,36,0,3,500,1
195,677,1931,1254,627,1.8522895125553915,3060.5625888925524,5.162892463041365,83.74059286848096,8.08449017149024,0.0,0.0,1.0,59,4,0,55,0,1,500,0
196,683,1943,1260,630,1.8448023426061493,3079.5821389012062,5.162892463041365,83.74059286848096,8.156140010528558,0.0,0.0,1.0,53,6,0,47,0,3,500,0
197,685,1947,1262,631,1.8423357664233577,3085.921988904091,5.162892463041365,83.74059286848096,8.180023290207998,0.0,0.0,1.0,45,2,0,43,0,1,500,0
198,692,1964,1272,636,1.8381502890173411,3112.8663514163504,5.162892463041365,83.74059286848096,8.263614769086036,0.0,0.0,1.0,46,7,0,39,0,5,500,0
199,699,1983,1284,642,1.8369098712446352,3142.9806389300525,5.162892463041365,83.74059286848096,8.347206247964074,0.0,0.0,1.0,59,7,0,52,0,4,500,2
200,707,2001,1294,647,1.8302687411598302,3171.509963943033,5.162892463041365,83.74059286848096,8.442739366681831,0.0,0.0,1.0,60,8,0,52,0,4,500,1
201,713,2019,1306,653,1.8316970546984572,3200.0392889560144,5.162892463041365,83.74059286848096,8.51438920572015,0.0,0.0,1.0,57,6,0,51,0,5,500,1
202,719,2039,1320,660,1.8358831710709318,3231.7385389704373,5.162892463041365,83.74059286848096,8.586039044758468,0.0,0.0,1.0,55,6,0,49,0,6,500,1
203,721,2045,1324,662,1.8363384188626908,3241.248313974764,5.162892463041365,83.74059286848096,8.609922324437907,0.0,0.0,1.0,46,2,0,44,0,1,500,1
204,725,2053,1328,664,1.8317241379310345,3253.9280139805333,5.162892463041365,83.74059286848096,8.657688883796785,0.0,0.0,1.0,52,4,0,48,0,1,500,1
205,733,2071,1338,669,1.82537517053206,3282.457338993514,5.162892463041365,83.74059286848096,8.753222002514544,0.0,0.0,1.0,49,8,0,41,0,3,500,2
206,741,2097,1356,678,1.8299595141700404,3323.6663640122642,5.162892463041365,83.74059286848096,8.848755121232301,0.0,0.0,1.0,55,8,0,47,0,7,500,2
207,748,2108,1360,680,1.8181818181818181,3341.1009515201968,5.162892463041365,83.74059286848096,8.932346600110339,0.0,0.0,1.0,56,7,0,49,0,1,500,1
208,754,2128,1374,687,1.8222811671087533,3372.80020153462,5.162892463041365,83.74059286848096,9.003996439148658,0.0,0.0,1.0,43,6,0,37,0,3,500,4
209,758,2136,1378,689,1.8179419525065963,3385.479901540389,5.162892463041365,83.74059286848096,9.051762998507536,0.0,0.0,1.0,58,4,0,54,0,2,500,0
210,762,2150,1388,694,1.821522309711286,3407.6693765504856,5.162892463041365,83.74059286848096,9.099529557866415,0.0,0.0,1.0,61,4,0,57,0,4,500,1
211,768,2166,1398,699,1.8203125,3433.028776562024,5.162892463041365,83.74059286848096,9.171179396904733,0.0,0.0,1.0,51,6,0,45,0,4,500,1
212,778,2194,1416,708,1.820051413881748,3477.4077265822166,5.162892463041365,83.74059286848096,9.29059579530193,0.0,0.0,1.0,64,10,0,54,0,7,500,2
213,785,2213,1428,714,1.819108280254777,3507.522014095918,5.162892463041365,83.74059286848096,9.374187274179969,0.0,0.0,1.0,51,7,0,44,0,6,500,0
214,794,2242,1448,724,1.8236775818639799,3553.4859266168323,5.162892463041365,83.74059286848096,9.481662032737445,0.0,0.0,1.0,62,9,0,53,0,8,500,2
215,802,2264,1462,731,1.8229426433915212,3588.3551016326974,5.162892463041365,83.74059286848096,9.577195151455204,0.0,0.0,1.0,59,8,0,51,0,6,500,1
216,814,2294,1480,740,1.8181818181818181,3635.903976654332,5.162892463041365,83.74059286848096,9.72049482953184,0.0,0.0,1.0,67,12,0,55,0,7,500,2
217,824,2320,1496,748,1.8155339805825244,3677.113001673082,5.162892463041365,83.74059286848096,9.839911227929036,0.0,0.0,1.0,63,10,0,53,0,7,500,1
218,830,2338,1508,754,1.816867469879518,3705.642326686063,5.162892463041365,83.74059286848096,9.911561066967355,0.0,0.0,1.0,63,6,0,57,0,4,500,2
219,839,2361,1522,761,1.8140643623361143,3742.0964642026497,5.162892463041365,83.74059286848096,10.019035825524831,0.0,0.0,1.0,64,9,0,55,0,4,500,3
220,848,2388,1540,770,1.8160377358490567,3784.890451722121,5.162892463041365,83.74059286848096,10.12651058408231,0.0,0.0,1.0,70,9,0,61,0,6,500,3
221,855,2401,1546,773,1.808187134502924,3805.494964231496,5.162892463041365,83.74059286848096,10.210102062960347,0.0,0.0,1.0,61,7,0,54,0,2,500,1
222,858,2408,1550,775,1.8065268065268065,3816.5897017365437,5.162892463041365,83.74059286848096,10.245926982479507,0.0,0.0,1.0,57,3,0,54,0,1,500,1
223,863,2419,1556,778,1.8030127462340673,3834.0242892444767,5.162892463041365,83.74059286848096,10.305635181678104,0.0,0.0,1.0,51,5,0,46,0,3,500,0
224,870,2432,1562,781,1.7954022988505747,3854.628801753852,5.162892463041365,83.74059286848096,10.389226660556142,0.0,0.0,1.0,60,7,0,53,0,2,500,1
225,874,2446,1572,786,1.7986270022883295,3876.8182767639473,5.162892463041365,83.74059286848096,10.436993219915022,0.0,0.0,1.0,68,4,0,64,0,4,500,1
226,875,2453,1578,789,1.8034285714285714,3887.9130142689955,5.162892463041365,83.74059286848096,10.448934859754742,0.0,0.0,1.0,66,1,0,65,0,1,500,2
227,882,2470,1588,794,1.800453514739229,3914.8573767812554,5.162892463041365,83.74059286848096,10.53252633863278,0.0,0.0,1.0,64,7,0,57,0,4,500,1
228,892,2496,1604,802,1.798206278026906,3956.0664018000057,5.162892463041365,83.74059286848096,10.651942737029977,0.0,0.0,1.0,72,10,0,62,0,6,500,2
229,901,2521,1620,810,1.798002219755827,3995.6904643180346,5.162892463041365,83.74059286848096,10.759417495587455,0.0,0.0,1.0,62,9,0,53,0,7,500,1
230,911,2547,1636,818,1.79582875960483,4036.8994893367844,5.162892463041365,83.74059286848096,10.87883389398465,0.0,0.0,1.0,71,10,0,61,0,6,500,2
231,919,2571,1652,826,1.7976060935799782,4074.938589354092,5.162892463041365,83.74059286848096,10.974367012702409,0.0,0.0,1.0,63,8,0,55,0,7,500,1
232,922,2584,1662,831,1.8026030368763557,4095.543101863467,5.162892463041365,83.74059286848096,11.010191932221568,0.0,0.0,1.0,60,3,0,57,0,3,500,2
233,928,2598,1670,835,1.7995689655172413,4117.732576873564,5.162892463041365,83.74059286848096,11.081841771259885,0.0,0.0,1.0,60,6,0,54,0,3,500,1
234,936,2616,1680,840,1.794871794871795,4146.261901886544,5.162892463041365,83.74059286848096,11.177374889977644,0.0,0.0,1.0,68,8,0,60,0,5,500,0
235,947,2643,1696,848,1.7909186906019008,4189.055889406016,5.390871720284482,91.29938831929019,10.37246817786087,0.0,0.0,1.0,84,11,0,73,0,6,500,2
236,954,2660,1706,853,1.7882599580712788,4216.000251918275,5.390871720284482,91.29938831929019,10.449139009165018,0.0,0.0,1.0,74,7,0,67,0,4,500,1
237,963,2691,1728,864,1.794392523364486,4265.134089440631,5.530530843278818,96.09117635384297,10.021731823262114,0.0,0.0,1.0,82,9,0,73,0,7,500,4
238,972,2714,1742,871,1.7921810699588476,4301.588226957218,5.530530843278818,96.09117635384297,10.11539286833933,0.0,0.0,1.0,79,9,0,70,0,6,500,1
239,980,2738,1758,879,1.7938775510204081,4339.627326974525,5.530530843278818,96.09117635384297,10.198647130630189,0.0,0.0,1.0,73,8,0,65,0,7,500,1
240,992,2772,1780,890,1.7943548387096775,4393.516051999045,5.530530843278818,96.09117635384297,10.323528524066477,0.0,0.0,1.0,73,12,0,61,0,11,500,0
241,997,2787,1790,895,1.7953861584754263,4417.290489509862,5.530530843278818,96.09117635384297,10.375562437998264,0.0,0.0,1.0,82,5,0,77,0,4,500,1
242,1012,2830,1818,909,1.7964426877470356,4485.443877040872,5.821924686751293,106.4836768488976,9.503804056616561,0.0,0.0,1.0,77,15,0,62,0,12,500,2
243,1022,2856,1834,917,1.7945205479452055,4526.652902059622,5.821924686751293,106.4836768488976,9.59771516389538,0.0,0.0,1.0,64,10,0,54,0,8,500,0
244,1032,2884,1852,926,1.7945736434108528,4571.031852079815,5.821924686751293,106.4836768488976,9.6916262711742,0.0,0.0,1.0,72,10,0,62,0,8,500,1
245,1040,2902,1862,931,1.7903846153846155,4599.561177092795,5.821924686751293,106.4836768488976,9.766755156997256,0.0,0.0,1.0,65,8,0,57,0,4,500,1
246,1046,2920,1874,937,1.7915869980879542,4628.090502105775,5.821924686751293,106.4836768488976,9.823101821364547,0.0,0.0,1.0,68,6,0,62,0,5,500,1
247,1059,2955,1896,948,1.7903682719546743,4683.564189631016,5.821924686751293,106.4836768488976,9.945186260827013,0.0,0.0,1.0,77,13,0,64,0,10,500,1
248,1068,2976,1908,954,1.7865168539325842,4716.84840214616,5.821924686751293,106.4836768488976,10.029706257377951,0.0,0.0,1.0,85,9,0,76,0,6,500,0
249,1074,2990,1916,958,1.7839851024208566,4739.037877156257,5.821924686751293,106.4836768488976,10.086052921745244,0.0,0.0,1.0,75,6,0,69,0,4,500,0
250,1083,3015,1932,966,1.7839335180055402,4778.661939674286,5.821924686751293,106.4836768488976,10.170572918296182,0.0,0.0,1.0,67,9,0,58,0,7,500,1
251,1092,3042,1950,975,1.7857142857142858,4821.455927193757,5.821924686751293,106.4836768488976,10.255092914847118,0.0,0.0,1.0,79,9,0,70,0,8,500,1
252,1103,3071,1968,984,1.7842248413417952,4867.41983971467,5.821924686751293,106.4836768488976,10.35839513285382,0.0,0.0,1.0,88,11,0,77,0,8,500,1
253,1110,3088,1978,989,1.781981981981982,4894.3642022269305,5.821924686751293,106.4836768488976,10.424132907948994,0.0,0.0,1.0,81,7,0,74,0,5,500,0
254,1118,3106,1988,994,1.778175313059034,4922.89352723991,5.821924686751293,106.4836768488976,10.49926179377205,0.0,0.0,1.0,76,8,0,68,0,5,500,0
255,1126,3130,2004,1002,1.7797513321492007,4960.932627257218,5.821924686751293,106.4836768488976,10.574390679595107,0.0,0.0,1.0,78,8,0,70,0,8,500,0
256,1134,3152,2018,1009,1.779541446208113,4995.801802273084,5.821924686751293,106.4836768488976,10.649519565418162,0.0,0.0,1.0,84,8,0,76,0,6,500,1
257,1138,3164,2026,1013,1.7803163444639718,5014.821352281738,5.821924686751293,106.4836768488976,10.68708400832969,0.0,0.0,1.0,74,4,0,70,0,3,500,1
258,1147,3187,2040,1020,1.7785527462946817,5051.275489798325,5.821924686751293,106.4836768488976,10.771604004880627,0.0,0.0,1.0,73,9,0,64,0,5,500,2
259,1158,3210,2052,1026,1.7720207253886011,5087.729627314911,5.91076705710795,109.75834782341637,10.550450357206877,0.0,0.0,1.0,85,11,0,74,0,5,500,1
260,1170,3248,2078,1039,1.776068376068376,5147.9582023423145,5.91076705710795,109.75834782341637,10.659781448991405,0.0,0.0,1.0,85,12,0,73,0,11,500,2
261,1178,3272,2094,1047,1.7775891341256367,5185.997302359623,5.91076705710795,109.75834782341637,10.732668843514423,0.0,0.0,1.0,87,8,0,79,0,6,500,2
262,1189,3297,2108,1054,1.7729184188393607,5225.621364877652,5.974984884773178,112.15625377294965,10.601281337436829,0.0,0.0,1.0,74,11,0,63,0,6,500,1
263,1197,3315,2118,1059,1.7694235588972431,5254.150689890632,5.974984884773178,112.15625377294965,10.672610396057093,0.0,0.0,1.0,108,8,0,100,0,5,500,0
264,1206,3336,2130,1065,1.7661691542288558,5287.4349024057765,5.974984884773178,112.15625377294965,10.752855587004891,0.0,0.0,1.0,76,9,0,67,0,5,500,1
265,1214,3358,2144,1072,1.7660626029654036,5322.304077421642,5.974984884773178,112.15625377294965,10.824184645625156,0.0,0.0,1.0,84,8,0,76,0,7,500,0
266,1223,3383,2160,1080,1.7661488143908421,5361.928139939671,6.106917984284891,117.16396155301501,10.438363331088032,0.0,0.0,1.0,95,9,0,86,0,7,500,1
267,1232,3404,2172,1086,1.7629870129870129,5395.212352454815,6.106917984284891,117.16396155301501,10.51517876034379,0.0,0.0,1.0,89,9,0,80,0,5,500,1
268,1248,3450,2202,1101,1.7644230769230769,5468.120627487989,6.106917984284891,117.16396155301501,10.651739523465139,0.0,0.0,1.0,83,16,0,67,0,14,500,1
269,1255,3463,2208,1104,1.7593625498007968,5488.725139997363,6.106917984284891,117.16396155301501,10.711484857330728,0.0,0.0,1.0,87,7,0,80,0,3,500,0
270,1265,3491,2226,1113,1.7596837944664032,5533.104090017556,6.106917984284891,117.16396155301501,10.796835334281571,0.0,0.0,1.0,92,10,0,82,0,7,500,2
271,1279,3521,2242,1121,1.7529319781078967,5580.65296503919,6.345910954708813,126.5137766467023,10.109570940812938,0.0,0.0,1.0,90,14,0,76,0,8,500,0
272,1290,3550,2260,1130,1.751937984496124,5626.616877560104,6.345910954708813,126.5137766467023,10.196517993470437,0.0,0.0,1.0,98,11,0,87,0,8,500,1
273,1301,3579,2278,1139,1.7509607993850884,5672.580790081018,6.551723810197372,134.85313132977097,9.647532742999669,0.0,0.0,1.0,83,11,0,72,0,8,500,1
274,1309,3601,2292,1146,1.7509549274255156,5707.449965096883,6.551723810197372,134.85313132977097,9.706856541573073,0.0,0.0,1.0,74,8,0,66,0,7,500,0
275,1317,3623,2306,1153,1.750949126803341,5742.319140112748,6.551723810197372,134.85313132977097,9.766180340146475,0.0,0.0,1.0,94,8,0,86,0,7,500,0
276,1333,3665,2332,1166,1.749437359339835,5808.887565143037,6.551723810197372,134.85313132977097,9.88482793729328,0.0,0.0,1.0,98,16,0,82,0,12,500,1
277,1348,3706,2358,1179,1.7492581602373887,5873.871027672604,6.551723810197372,134.85313132977097,9.996060059618411,0.0,0.0,1.0,111,15,0,96,0,12,500,1
278,1357,3731,2374,1187,1.7494473102431836,5913.495090190633,6.551723810197372,134.85313132977097,10.06279933301349,0.0,0.0,1.0,90,9,0,81,0,7,500,1
279,1364,3754,2390,1195,1.752199413489736,5949.94922770722,6.551723810197372,134.85313132977097,10.114707656765217,0.0,0.0,1.0,91,7,0,84,0,5,500,3
280,1370,3770,2400,1200,1.7518248175182483,5975.3086277187585,6.551723810197372,134.85313132977097,10.15920050569527,0.0,0.0,1.0,85,6,0,79,0,5,500,0
281,1383,3807,2424,1212,1.7527114967462039,6033.952240245441,7.042620737002265,155.81830473407405,8.875722286674117,0.0,0.0,1.0,101,13,0,88,0,11,500,1
282,1391,3825,2434,1217,1.7498202731847592,6062.481565258422,7.042620737002265,155.81830473407405,8.927064136488573,0.0,0.0,1.0,91,8,0,83,0,5,500,0
283,1401,3845,2444,1222,1.7444682369735902,6094.180815272845,7.042620737002265,155.81830473407405,8.991241448756643,0.0,0.0,1.0,101,10,0,91,0,5,500,0
284,1416,3880,2464,1232,1.7401129943502824,6149.654502798086,7.042620737002265,155.81830473407405,9.087507417158749,0.0,0.0,1.0,104,15,0,89,0,10,500,0
285,1419,3889,2470,1235,1.740662438336857,6163.919165304576,7.042620737002265,155.81830473407405,9.106760610839169,0.0,0.0,1.0,84,3,0,81,0,3,500,0
286,1431,3915,2484,1242,1.7358490566037736,6205.128190323327,7.042620737002265,155.81830473407405,9.183773385560853,0.0,0.0,1.0,96,12,0,84,0,7,500,0
287,1445,3947,2502,1251,1.7314878892733565,6255.846990346403,7.042620737002265,155.81830473407405,9.273621622736153,0.0,0.0,1.0,118,14,0,104,0,7,500,2
288,1455,3971,2516,1258,1.7292096219931272,6293.8860903637105,7.042620737002265,155.81830473407405,9.337798935004223,0.0,0.0,1.0,97,10,0,87,0,6,500,1
289,1461,3987,2526,1263,1.728952772073922,6319.24549037525,7.042620737002265,155.81830473407405,9.376305322365065,0.0,0.0,1.0,110,6,0,104,0,5,500,0
290,1468,4008,2540,1270,1.7302452316076293,6352.529702890393,7.042620737002265,155.81830473407405,9.421229440952713,0.0,0.0,1.0,97,7,0,90,0,6,500,1
291,1477,4035,2558,1279,1.7318889641164523,6395.323690409865,7.042620737002265,155.81830473407405,9.478989021993977,0.0,0.0,1.0,97,9,0,88,0,8,500,1
292,1488,4066,2578,1289,1.73252688172043,6444.457527932221,7.042620737002265,155.81830473407405,9.549584065488855,0.0,0.0,1.0,107,11,0,96,0,9,500,1
293,1497,4089,2592,1296,1.7314629258517034,6480.911665448808,7.042620737002265,155.81830473407405,9.607343646530117,0.0,0.0,1.0,90,9,0,81,0,6,500,1
294,1513,4127,2614,1307,1.7276933245208195,6541.14024047621,7.042620737002265,155.81830473407405,9.71002734615903,0.0,0.0,1.0,108,16,0,92,0,11,500,0
295,1527,4167,2640,1320,1.7288801571709234,6604.538740505057,7.1873554921515295,162.28864139247503,9.409161275231451,0.0,0.0,1.0,112,14,0,98,0,12,500,1
296,1539,4201,2662,1331,1.7296946068875894,6658.427465529576,7.1873554921515295,162.28864139247503,9.483103603524036,0.0,0.0,1.0,94,12,0,82,0,10,500,1
297,1550,4230,2680,1340,1.729032258064516,6704.39137805049,7.1873554921515295,162.28864139247503,9.550884071125573,0.0,0.0,1.0,111,11,0,100,0,8,500,1
298,1563,4257,2694,1347,1.723608445297505,6747.1853655699615,7.1873554921515295,162.28864139247503,9.630988260109206,0.0,0.0,1.0,124,13,0,111,0,7,500,0
299,1571,4279,2708,1354,1.723742838956079,6782.0545405858265,7.1873554921515295,162.28864139247503,9.680283145637596,0.0,0.0,1.0,102,8,0,94,0,7,500,0
300,1581,4309,2728,1364,1.7254901960784315,6829.603415607462,7.1873554921515295,162.28864139247503,9.741901752548085,0.0,0.0,1.0,88,10,0,78,0,9,500,1
301,1597,4347,2750,1375,1.7219787100814026,6889.831990634865,7.279516043920103,166.47724790769843,9.592902454066516,0.0,0.0,1.0,97,16,0,81,0,11,500,0
302,1605,4371,2766,1383,1.7233644859813084,6927.871090652174,7.279516043920103,166.47724790769843,9.64095706873936,0.0,0.0,1.0,108,8,0,100,0,5,500,3
303,1621,4403,2782,1391,1.716224552745219,6978.58989067525,7.512970966167103,177.32635770501616,9.141337029526918,0.0,0.0,1.0,118,16,0,102,0,7,500,1
304,1635,4441,2806,1403,1.7162079510703363,7038.818465702654,7.512970966167103,177.32635770501616,9.220287503563547,0.0,0.0,1.0,116,14,0,102,0,12,500,0
305,1647,4467,2820,1410,1.7122040072859745,7080.027490721404,7.512970966167103,177.32635770501616,9.287959338452087,0.0,0.0,1.0,115,12,0,103,0,7,500,0
306,1653,4483,2830,1415,1.7120387174833636,7105.386890732942,7.512970966167103,177.32635770501616,9.321795255896356,0.0,0.0,1.0,109,6,0,103,0,5,500,0
307,1661,4501,2840,1420,1.7098133654425045,7133.916215745923,7.853941069142309,193.78722746281258,8.571256329670865,0.0,0.0,1.0,116,8,0,108,0,4,500,1
308,1674,4532,2858,1429,1.7072879330943846,7183.05005326828,7.853941069142309,193.78722746281258,8.638340214249867,0.0,0.0,1.0,126,13,0,113,0,9,500,0
309,1688,4566,2878,1439,1.7049763033175356,7236.938778292799,7.853941069142309,193.78722746281258,8.710584397642638,0.0,0.0,1.0,117,14,0,103,0,10,500,0
310,1700,4594,2894,1447,1.7023529411764706,7281.317728312992,7.853941069142309,193.78722746281258,8.77250798340787,0.0,0.0,1.0,131,12,0,119,0,7,500,1
311,1709,4621,2912,1456,1.7039204212990053,7324.111715832462,7.853941069142309,193.78722746281258,8.818950672731793,0.0,0.0,1.0,121,9,0,112,0,8,500,1
312,1717,4641,2924,1462,1.702970297029703,7355.810965846886,7.853941069142309,193.78722746281258,8.860233063241948,0.0,0.0,1.0,119,8,0,111,0,5,500,1
313,1738,4696,2958,1479,1.7019562715765248,7442.983903386548,7.853941069142309,193.78722746281258,8.968599338331103,0.0,0.0,1.0,122,21,0,101,0,15,500,2
314,1747,4719,2972,1486,1.7012020606754437,7479.4380409031355,7.853941069142309,193.78722746281258,9.015042027655028,0.0,0.0,1.0,115,9,0,106,0,6,500,1
315,1754,4740,2986,1493,1.702394526795895,7512.72225341828,7.853941069142309,193.78722746281258,9.051164119351412,0.0,0.0,1.0,116,7,0,109,0,6,500,1
316,1768,4776,3008,1504,1.7013574660633484,7569.780903444242,7.853941069142309,193.78722746281258,9.123408302744183,0.0,0.0,1.0,137,14,0,123,0,10,500,1
317,1779,4795,3016,1508,1.6953344575604272,7599.895190957943,7.853941069142309,193.78722746281258,9.180171589695647,0.0,0.0,1.0,134,11,0,123,0,4,500,0
318,1788,4824,3036,1518,1.6979865771812082,7645.859103478857,7.853941069142309,193.78722746281258,9.22661427901957,0.0,0.0,1.0,128,9,0,119,0,7,500,3
319,1798,4852,3054,1527,1.6985539488320356,7690.23805349905,7.853941069142309,193.78722746281258,9.278217267157263,0.0,0.0,1.0,131,10,0,121,0,9,500,0
320,1812,4882,3070,1535,1.6942604856512142,7737.786928520683,7.853941069142309,193.78722746281258,9.350461450550034,0.0,0.0,1.0,102,14,0,88,0,8,500,0
321,1823,4909,3086,1543,1.6928140427866154,7780.580916040155,7.853941069142309,193.78722746281258,9.407224737501497,0.0,0.0,1.0,124,11,0,113,0,8,500,0
322,1833,4931,3098,1549,1.69012547735952,7815.450091056021,7.853941069142309,193.78722746281258,9.45882772563919,0.0,0.0,1.0,120,10,0,110,0,5,500,1
323,1843,4955,3112,1556,1.6885512750949538,7853.489191073329,7.853941069142309,193.78722746281258,9.510430713776884,0.0,0.0,1.0,118,10,0,108,0,7,500,0
324,1854,4984,3130,1565,1.6882416396979503,7899.453103594242,7.853941069142309,193.78722746281258,9.567194000728346,0.0,0.0,1.0,113,11,0,102,0,7,500,2
325,1870,5028,3158,1579,1.6887700534759358,7969.191453625973,7.853941069142309,193.78722746281258,9.649758781748655,0.0,0.0,1.0,119,16,0,103,0,12,500,2
326,1881,5057,3176,1588,1.6884635832004253,8015.155366146886,7.853941069142309,193.78722746281258,9.706522068700119,0.0,0.0,1.0,135,11,0,124,0,8,500,1
327,1890,5074,3184,1592,1.6846560846560847,8042.099728659146,7.853941069142309,193.78722746281258,9.752964758024042,0.0,0.0,1.0,132,9,0,123,0,4,500,0
328,1898,5094,3196,1598,1.683877766069547,8073.798978673569,7.853941069142309,193.78722746281258,9.794247148534197,0.0,0.0,1.0,142,8,0,134,0,3,500,3
329,1910,5130,3220,1610,1.6858638743455496,8130.85762869953,7.853941069142309,193.78722746281258,9.856170734299429,0.0,0.0,1.0,146,12,0,134,0,11,500,1
330,1921,5163,3242,1621,1.6876626756897448,8183.161391223328,7.853941069142309,193.78722746281258,9.912934021250893,0.0,0.0,1.0,137,11,0,126,0,10,500,1
331,1930,5194,3264,1632,1.6911917098445597,8232.295228745685,7.853941069142309,193.78722746281258,9.959376710574816,0.0,0.0,1.0,129,9,0,120,0,8,500,3
332,1942,5224,3282,1641,1.690010298661174,8279.844103767318,7.962149049238109,199.16383447066065,9.750766273211521,0.0,0.0,1.0,134,12,0,122,0,9,500,0
333,1952,5248,3296,1648,1.6885245901639345,8317.883203784628,7.962149049238109,199.16383447066065,9.800976192229088,0.0,0.0,1.0,117,10,0,107,0,7,500,0
334,1965,5277,3312,1656,1.6854961832061068,8363.84711630554,7.962149049238109,199.16383447066065,9.866249086951925,0.0,0.0,1.0,121,13,0,108,0,8,500,0
335,1978,5314,3336,1668,1.686552072800809,8422.490728832223,7.962149049238109,199.16383447066065,9.931521981674763,0.0,0.0,1.0,134,13,0,121,0,11,500,1
336,1988,5342,3354,1677,1.687122736418511,8466.869678852416,7.962149049238109,199.16383447066065,9.98173190069233,0.0,0.0,1.0,133,10,0,123,0,9,500,0
337,2002,5368,3366,1683,1.6813186813186813,8508.078703871166,7.962149049238109,199.16383447066065,10.052025787316923,0.0,0.0,1.0,135,14,0,121,0,6,500,0
338,2015,5403,3388,1694,1.6813895781637718,8563.552391396406,7.962149049238109,199.16383447066065,10.117298682039761,0.0,0.0,1.0,117,13,0,104,0,11,500,0
339,2025,5429,3404,1702,1.6809876543209876,8604.761416415156,8.445349759460479,224.07074255443342,9.037324449032285,0.0,0.0,1.0,124,10,0,114,0,8,500,0
340,2035,5453,3418,1709,1.6796068796068797,8642.800516432464,8.445349759460479,224.07074255443342,9.081953211743555,0.0,0.0,1.0,130,10,0,120,0,7,500,0
341,2050,5492,3442,1721,1.6790243902439024,8704.61405396059,8.445349759460479,224.07074255443342,9.14889635581046,0.0,0.0,1.0,135,15,0,120,0,12,500,0
342,2070,5546,3476,1738,1.6792270531400966,8790.202028999533,8.445349759460479,224.07074255443342,9.238153881233002,0.0,0.0,1.0,139,20,0,119,0,16,500,1
343,2078,5564,3486,1743,1.6775745909528392,8818.731354012512,8.445349759460479,224.07074255443342,9.27385689140202,0.0,0.0,1.0,150,8,0,142,0,4,500,1
344,2093,5599,3506,1753,1.6751075011944576,8874.205041537753,8.445349759460479,224.07074255443342,9.340800035468925,0.0,0.0,1.0,147,15,0,132,0,9,500,1
345,2103,5623,3520,1760,1.6737993342843558,8912.24414155506,8.445349759460479,224.07074255443342,9.385428798180195,0.0,0.0,1.0,150,10,0,140,0,7,500,0
346,2113,5649,3536,1768,1.673450070989115,8953.45316657381,8.445349759460479,224.07074255443342,9.430057560891466,0.0,0.0,1.0,140,10,0,130,0,8,500,0
347,2128,5676,3548,1774,1.6672932330827068,8996.247154093282,8.445349759460479,224.07074255443342,9.49700070495837,0.0,0.0,1.0,136,15,0,121,0,6,500,0
348,2138,5702,3564,1782,1.666978484565014,9037.456179112032,8.445349759460479,224.07074255443342,9.541629467669642,0.0,0.0,1.0,133,10,0,123,0,8,500,0
349,2146,5722,3576,1788,1.6663560111835973,9069.155429126455,8.445349759460479,224.07074255443342,9.577332477838658,0.0,0.0,1.0,136,8,0,128,0,5,500,1
350,2161,5755,3594,1797,1.6631189264229522,9121.459191650252,8.445349759460479,224.07074255443342,9.644275621905564,0.0,0.0,1.0,139,15,0,124,0,9,500,0
351,2179,5797,3618,1809,1.6603946764570905,9188.027616680542,8.445349759460479,224.07074255443342,9.724607394785851,0.0,0.0,1.0,148,18,0,130,0,11,500,1
352,2194,5836,3642,1821,1.659981768459435,9249.841154208667,8.445349759460479,224.07074255443342,9.791550538852757,0.0,0.0,1.0,153,15,0,138,0,11,500,1
353,2206,5866,3660,1830,1.6591115140525838,9297.390029230302,8.445349759460479,224.07074255443342,9.845105054106282,0.0,0.0,1.0,142,12,0,130,0,9,500,0
354,2224,5908,3684,1842,1.6564748201438848,9363.95845426059,8.446579908336858,224.13602355638355,9.922545982174666,0.0,0.0,1.0,153,18,0,135,0,11,500,1
355,2240,5952,3712,1856,1.6571428571428573,9433.696804292322,8.532578816262562,228.72334293033992,9.793490997909275,0.0,0.0,1.0,145,16,0,129,0,13,500,1
356,2259,5995,3736,1868,1.6538291279327135,9501.85019182333,8.532578816262562,228.72334293033992,9.876560787623683,0.0,0.0,1.0,177,19,0,158,0,12,500,0
357,2274,6032,3758,1879,1.65259454705365,9560.493804350013,8.532578816262562,228.72334293033992,9.942142200556113,0.0,0.0,1.0,146,15,0,131,0,11,500,0
358,2284,6050,3766,1883,1.648861646234676,9589.023129362993,8.532578816262562,228.72334293033992,9.985863142511064,0.0,0.0,1.0,174,10,0,164,0,4,500,0
359,2296,6086,3790,1895,1.6506968641114983,9646.081779388956,8.532578816262562,228.72334293033992,10.038328272857006,0.0,0.0,1.0,151,12,0,139,0,10,500,2
360,2304,6106,3802,1901,1.6501736111111112,9677.781029403379,8.532578816262562,228.72334293033992,10.073305026420968,0.0,0.0,1.0,144,8,0,136,0,6,500,0
361,2319,6141,3822,1911,1.648124191461837,9733.254716928619,8.715960846358417,238.66042737795888,9.716734464434165,0.0,0.0,1.0,139,15,0,124,0,10,500,0
362,2332,6174,3842,1921,1.6475128644939965,9785.558479452418,8.715960846358417,238.66042737795888,9.771205162164929,0.0,0.0,1.0,149,13,0,136,0,10,500,0
363,2347,6203,3856,1928,1.6429484448231786,9831.52239197333,8.715960846358417,238.66042737795888,9.83405596723889,0.0,0.0,1.0,191,15,0,176,0,7,500,0
364,2367,6247,3880,1940,1.639205745669624,9901.260742005063,8.868398224137069,247.0815091695463,9.579834638195344,0.0,0.0,1.0,164,20,0,144,0,12,500,0
365,2380,6272,3892,1946,1.6352941176470588,9940.884804523092,8.868398224137069,247.0815091695463,9.632448854628185,0.0,0.0,1.0,140,13,0,127,0,6,500,0
366,2392,6300,3908,1954,1.6337792642140467,9985.263754543283,8.868398224137069,247.0815091695463,9.681015823643119,0.0,0.0,1.0,144,12,0,132,0,8,500,0
367,2403,6333,3930,1965,1.6354556803995006,10037.567517067082,8.868398224137069,247.0815091695463,9.72553554524014,0.0,0.0,1.0,163,11,0,152,0,11,500,0
368,2422,6366,3944,1972,1.6284062758051197,10089.87127959088,8.868398224137069,247.0815091695463,9.802433246180449,0.0,0.0,1.0,178,19,0,159,0,7,500,0
369,2436,6400,3964,1982,1.6272577996715927,10143.760004615398,8.868398224137069,247.0815091695463,9.859094710031203,0.0,0.0,1.0,159,14,0,145,0,10,500,0
370,2450,6432,3982,1991,1.6253061224489795,10194.478804638475,8.868398224137069,247.0815091695463,9.915756173881956,0.0,0.0,1.0,159,14,0,145,0,9,500,0
371,2454,6444,3990,1995,1.625916870415648,10213.49835464713,8.868398224137069,247.0815091695463,9.9319451635536,0.0,0.0,1.0,150,4,0,146,0,3,500,1
372,2466,6482,4016,2008,1.6285482562854825,10273.726929674533,8.868398224137069,247.0815091695463,9.980512132568533,0.0,0.0,1.0,148,12,0,136,0,11,500,2
373,2476,6516,4040,2020,1.631663974151858,10327.615654699053,8.868398224137069,247.0815091695463,10.020984606747643,0.0,0.0,1.0,149,10,0,139,0,9,500,3
374,2497,6561,4064,2032,1.6275530636764117,10398.938967231505,8.868398224137069,247.0815091695463,10.105976802523774,0.0,0.0,1.0,176,21,0,155,0,12,500,0
375,2508,6586,4078,2039,1.6259968102073366,10438.563029749534,8.95102837254377,251.707258881121,9.963955791932506,0.0,0.0,1.0,156,11,0,145,0,7,500,0
376,2520,6614,4094,2047,1.6246031746031746,10482.941979769726,8.95102837254377,251.707258881121,10.011630221558976,0.0,0.0,1.0,171,12,0,159,0,7,500,1
377,2537,6651,4114,2057,1.6216003153330705,10541.58559229641,8.95102837254377,251.707258881121,10.079168996863144,0.0,0.0,1.0,157,17,0,140,0,10,500,0
378,2548,6676,4128,2064,1.620094191522763,10581.209654814438,8.95102837254377,251.707258881121,10.122870557354076,0.0,0.0,1.0,170,11,0,159,0,7,500,0
379,2561,6711,4150,2075,1.620460757516595,10636.683342339678,8.95102837254377,251.707258881121,10.174517856116086,0.0,0.0,1.0,169,13,0,156,0,11,500,0
380,2575,6751,4176,2088,1.621747572815534,10700.081842368525,8.95102837254377,251.707258881121,10.230138024013637,0.0,0.0,1.0,178,14,0,164,0,13,500,0
381,2583,6769,4186,2093,1.6205962059620596,10728.611167381505,8.95102837254377,251.707258881121,10.261920977097951,0.0,0.0,1.0,153,8,0,145,0,5,500,0
382,2600,6812,4212,2106,1.62,10796.764554912515,8.95102837254377,251.707258881121,10.32945975240212,0.0,0.0,1.0,170,17,0,153,0,13,500,0
383,2610,6838,4228,2114,1.6199233716475097,10837.973579931266,8.95102837254377,251.707258881121,10.369188443757512,0.0,0.0,1.0,163,10,0,153,0,8,500,0
384,2621,6869,4248,2124,1.6207554368561619,10887.10741745362,8.95102837254377,251.707258881121,10.412890004248442,0.0,0.0,1.0,169,11,0,158,0,9,500,1
385,2636,6912,4276,2138,1.622154779969651,10955.260804984631,8.95102837254377,251.707258881121,10.472483041281533,0.0,0.0,1.0,182,15,0,167,0,14,500,0
386,2647,6941,4294,2147,1.6222138269739328,11001.224717505545,8.95102837254377,251.707258881121,10.516184601772464,0.0,0.0,1.0,164,11,0,153,0,9,500,0
387,2658,6966,4308,2154,1.6207674943566592,11040.848780023574,8.95102837254377,251.707258881121,10.559886162263396,0.0,0.0,1.0,169,11,0,158,0,7,500,0
388,2669,6997,4328,2164,1.6215811165230423,11089.982617545927,8.95102837254377,251.707258881121,10.603587722754328,0.0,0.0,1.0,158,11,0,147,0,10,500,0
389,2681,7023,4342,2171,1.6195449459157032,11131.191642564678,8.960735810045442,252.2535106279071,10.628196980594955,0.0,0.0,1.0,167,12,0,155,0,6,500,1
390,2699,7067,4368,2184,1.6183771767321231,11200.92999259641,9.10472287482681,260.42539746795933,10.363812539950384,0.0,0.0,1.0,176,18,0,158,0,11,500,2
391,2715,7109,4394,2197,1.6184162062615102,11267.498417626699,9.10472287482681,260.42539746795933,10.425250480164985,0.0,0.0,1.0,172,16,0,156,0,13,500,0
392,2729,7141,4412,2206,1.6167094173689995,11318.217217649777,9.10472287482681,260.42539746795933,10.479008677852761,0.0,0.0,1.0,175,14,0,161,0,9,500,0
393,2745,7177,4432,2216,1.6145719489981785,11375.275867675737,9.10472287482681,260.42539746795933,10.54044661806736,0.0,0.0,1.0,201,16,0,185,0,10,500,0
394,2762,7212,4450,2225,1.611151339608979,11430.749555200979,9.10472287482681,260.42539746795933,10.605724429545374,0.0,0.0,1.0,189,17,0,172,0,9,500,0
395,2781,7255,4474,2237,1.6087738223660555,11498.902942731987,9.10472287482681,260.42539746795933,10.678681983550211,0.0,0.0,1.0,184,19,0,165,0,11,500,1
396,2795,7287,4492,2246,1.6071556350626117,11549.621742755065,9.10472287482681,260.42539746795933,10.732440181237987,0.0,0.0,1.0,174,14,0,160,0,9,500,0
397,2814,7326,4512,2256,1.603411513859275,11611.435280283189,9.10472287482681,260.42539746795933,10.805397735242824,0.0,0.0,1.0,183,19,0,164,0,10,500,0
398,2833,7377,4544,2272,1.603953406283092,11692.268367819968,9.618348294822578,290.63697967300965,9.747555191315834,0.0,0.0,1.0,181,19,0,162,0,15,500,1
399,2847,7419,4572,2286,1.6059009483667017,11758.836792850256,9.618348294822578,290.63697967300965,9.795725248738504,0.0,0.0,1.0,170,14,0,156,0,12,500,2
400,2862,7454,4592,2296,1.604472396925227,11814.310480375498,9.618348294822578,290.63697967300965,9.847336024548508,0.0,0.0,1.0,186,15,0,171,0,10,500,0
401,2877,7491,4614,2307,1.6037539103232534,11872.95409290218,9.618348294822578,290.63697967300965,9.898946800358509,0.0,0.0,1.0,179,15,0,164,0,10,500,1
402,2896,7536,4640,2320,1.6022099447513811,11944.277405434634,9.618348294822578,290.63697967300965,9.964320449717846,0.0,0.0,1.0,165,19,0,146,0,12,500,1
403,2905,7561,4656,2328,1.6027538726333908,11983.90146795266,9.618348294822578,290.63697967300965,9.995286915203847,0.0,0.0,1.0,184,9,0,175,0,6,500,2
404,2926,7612,4686,2343,1.6015037593984962,12064.73455548944,9.618348294822578,290.63697967300965,10.067542001337852,0.0,0.0,1.0,209,21,0,188,0,15,500,0
405,2941,7655,4714,2357,1.6028561713702822,12132.88794302045,9.618348294822578,290.63697967300965,10.119152777147853,0.0,0.0,1.0,173,15,0,158,0,12,500,2
406,2962,7712,4750,2375,1.6036461850101282,12223.230805561556,9.618348294822578,290.63697967300965,10.191407863281858,0.0,0.0,1.0,185,21,0,164,0,18,500,0
407,2975,7751,4776,2388,1.605378151260504,12285.044343089681,9.618348294822578,290.63697967300965,10.236137202317193,0.0,0.0,1.0,176,13,0,163,0,12,500,1
408,2990,7790,4800,2400,1.605351170568562,12346.857880617805,9.618348294822578,290.63697967300965,10.287747978127197,0.0,0.0,1.0,205,15,0,190,0,12,500,0
409,3009,7837,4828,2414,1.6045197740112995,12421.351118151699,10.195954623735227,326.5920890350329,9.21332788216199,0.0,0.0,1.0,192,19,0,173,0,14,500,0
410,3027,7883,4856,2428,1.6042286091840106,12494.259393184873,10.195954623735227,326.5920890350329,9.268442505584694,0.0,0.0,1.0,205,18,0,187,0,14,500,0
411,3041,7917,4876,2438,1.6034199276553764,12548.148118209392,10.195954623735227,326.5920890350329,9.311309434913463,0.0,0.0,1.0,188,14,0,174,0,10,500,0
412,3059,7961,4902,2451,1.6024844720496894,12617.886468241122,10.195954623735227,326.5920890350329,9.366424058336166,0.0,0.0,1.0,190,18,0,172,0,13,500,0
413,3080,8014,4934,2467,1.601948051948052,12701.889480779344,10.195954623735227,326.5920890350329,9.430724452329322,0.0,0.0,1.0,200,21,0,179,0,15,500,1
414,3093,8049,4956,2478,1.6023278370514065,12757.363168304586,10.195954623735227,326.5920890350329,9.470529458134608,0.0,0.0,1.0,184,13,0,171,0,11,500,0
415,3108,8084,4976,2488,1.601029601029601,12812.836855829824,10.195954623735227,326.5920890350329,9.516458310986861,0.0,0.0,1.0,202,15,0,187,0,10,500,0
416,3124,8128,5004,2502,1.6017925736235596,12882.575205861558,10.195954623735227,326.5920890350329,9.565449087362598,0.0,0.0,1.0,191,16,0,175,0,14,500,0
417,3143,8173,5030,2515,1.600381800827235,12953.89851839401,10.195954623735227,326.5920890350329,9.623625634308786,0.0,0.0,1.0,189,19,0,170,0,13,500,0
418,3165,8227,5062,2531,1.5993680884676145,13039.48649343295,10.195954623735227,326.5920890350329,9.690987951825424,0.0,0.0,1.0,190,22,0,168,0,16,500,0
419,3182,8270,5088,2544,1.5989943431803897,13107.639880963961,10.195954623735227,326.5920890350329,9.743040651724643,0.0,0.0,1.0,209,17,0,192,0,12,500,1
420,3206,8320,5114,2557,1.595134123518403,13186.88800600002,10.195954623735227,326.5920890350329,9.816526816288249,0.0,0.0,1.0,221,24,0,197,0,12,500,1
421,3221,8363,5142,2571,1.5963986339646072,13255.041393531028,10.195954623735227,326.5920890350329,9.862455669140502,0.0,0.0,1.0,184,15,0,169,0,13,500,1
422,3234,8394,5160,2580,1.5955473098330242,13304.175231053385,10.195954623735227,326.5920890350329,9.902260674945788,0.0,0.0,1.0,225,13,0,212,0,9,500,0
423,3253,8441,5188,2594,1.5948355364279128,13378.668468587279,10.195954623735227,326.5920890350329,9.960437221891976,0.0,0.0,1.0,208,19,0,189,0,13,500,1
424,3274,8498,5224,2612,1.5956017104459377,13469.011331128386,10.195954623735227,326.5920890350329,10.02473761588513,0.0,0.0,1.0,195,21,0,174,0,18,500,0
425,3294,8544,5250,2625,1.5938069216757742,13541.919606161557,10.195954623735227,326.5920890350329,10.085976086354801,0.0,0.0,1.0,219,20,0,199,0,13,500,0
426,3301,8561,5260,2630,1.5934565283247502,13568.863968673817,10.195954623735227,326.5920890350329,10.107409551019185,0.0,0.0,1.0,217,7,0,210,0,5,500,0
427,3317,8599,5282,2641,1.592402773590594,13629.092543701221,10.195954623735227,326.5920890350329,10.156400327394921,0.0,0.0,1.0,247,16,0,231,0,11,500,0
428,3336,8642,5306,2653,1.59052757793765,13697.245931232232,10.195954623735227,326.5920890350329,10.214576874341109,0.0,0.0,1.0,232,19,0,213,0,12,500,0
429,3351,8675,5324,2662,1.588779468815279,13749.549693756027,10.195954623735227,326.5920890350329,10.260505727193364,0.0,0.0,1.0,202,15,0,187,0,9,500,0
430,3368,8712,5344,2672,1.5866983372921615,13808.193306282712,10.195954623735227,326.5920890350329,10.312558427092583,0.0,0.0,1.0,224,17,0,207,0,10,500,0
431,3389,8767,5378,2689,1.5868987902035998,13895.366243822376,10.195954623735227,326.5920890350329,10.376858821085737,0.0,0.0,1.0,233,21,0,212,0,17,500,0
432,3405,8805,5400,2700,1.5859030837004404,13955.594818849779,10.195954623735227,326.5920890350329,10.425849597461474,0.0,0.0,1.0,219,16,0,203,0,10,500,1
433,3414,8830,5416,2708,1.5864089045108378,13995.218881367808,10.195954623735227,326.5920890350329,10.453406909172827,0.0,0.0,1.0,208,9,0,199,0,8,500,0
434,3436,8886,5450,2725,1.5861466821885915,14083.976781408193,10.195954623735227,326.5920890350329,10.520769226689465,0.0,0.0,1.0,208,22,0,186,0,16,500,1
435,3454,8918,5464,2732,1.5819339895773017,14134.69558143127,10.195954623735227,326.5920890350329,10.575883850112168,0.0,0.0,1.0,237,18,0,219,0,7,500,0
436,3467,8951,5484,2742,1.581770983559273,14186.999343955067,10.195954623735227,326.5920890350329,10.615688855917455,0.0,0.0,1.0,211,13,0,198,0,10,500,0
437,3480,8982,5502,2751,1.5810344827586207,14236.133181477424,10.195954623735227,326.5920890350329,10.655493861722741,0.0,0.0,1.0,222,13,0,209,0,9,500,0
438,3499,9025,5526,2763,1.5793083738210918,14304.286569008433,10.195954623735227,326.5920890350329,10.713670408668927,0.0,0.0,1.0,224,19,0,205,0,12,500,0
439,3518,9070,5552,2776,1.5781694144400227,14375.609881540886,10.195954623735227,326.5920890350329,10.771846955615114,0.0,0.0,1.0,208,19,0,189,0,13,500,0
440,3530,9094,5564,2782,1.5762039660056657,14413.648981558194,10.195954623735227,326.5920890350329,10.808590037896918,0.0,0.0,1.0,217,12,0,205,0,6,500,0
441,3541,9115,5574,2787,1.5741316012425868,14446.933194073337,10.195954623735227,326.5920890350329,10.842271196655236,0.0,0.0,1.0,211,11,0,200,0,5,500,0
442,3552,9146,5594,2797,1.5748873873873874,14496.067031595694,10.195954623735227,326.5920890350329,10.875952355413556,0.0,0.0,1.0,221,11,0,210,0,9,500,1
443,3568,9190,5622,2811,1.5756726457399104,14565.805381627424,10.195954623735227,326.5920890350329,10.924943131789293,0.0,0.0,1.0,208,16,0,192,0,13,500,1
444,3597,9259,5662,2831,1.5740895190436475,14675.167794177185,10.195954623735227,326.5920890350329,11.013738913970315,0.0,0.0,1.0,233,29,0,204,0,20,500,0
445,3608,9290,5682,2841,1.5748337028824835,14724.301631699538,10.195954623735227,326.5920890350329,11.047420072728634,0.0,0.0,1.0,235,11,0,224,0,9,500,1
446,3621,9323,5702,2851,1.5747031206848936,14776.605394223337,10.195954623735227,326.5920890350329,11.08722507853392,0.0,0.0,1.0,220,13,0,207,0,9,500,1
447,3639,9365,5726,2863,1.5735092058257762,14843.173819253627,10.195954623735227,326.5920890350329,11.142339701956624,0.0,0.0,1.0,224,18,0,206,0,12,500,0
448,3654,9408,5754,2877,1.5747126436781609,14911.327206784637,10.195954623735227,326.5920890350329,11.188268554808877,0.0,0.0,1.0,235,15,0,220,0,13,500,1
449,3672,9448,5776,2888,1.5729847494553377,14974.725706813482,10.195954623735227,326.5920890350329,11.24338317823158,0.0,0.0,1.0,251,18,0,233,0,10,500,1
450,3686,9482,5796,2898,1.572436245252306,15028.614431838001,10.536712648043059,348.78688424815937,10.56805793585242,0.0,0.0,1.0,223,14,0,209,0,10,500,0
451,3699,9511,5812,2906,1.571235469045688,15074.578344358915,10.536712648043059,348.78688424815937,10.605329979576261,0.0,0.0,1.0,203,13,0,190,0,8,500,0
452,3726,9578,5852,2926,1.5705850778314547,15180.770831907234,10.536712648043059,348.78688424815937,10.682741147310395,0.0,0.0,1.0,229,27,0,202,0,19,500,1
453,3747,9633,5886,2943,1.5708566853482786,15267.943769446898,10.536712648043059,348.78688424815937,10.742949833325833,0.0,0.0,1.0,260,21,0,239,0,17,500,0
454,3763,9665,5902,2951,1.5684294445920808,15318.662569469974,10.536712648043059,348.78688424815937,10.788823117909022,0.0,0.0,1.0,249,16,0,233,0,8,500,0
455,3779,9703,5924,2962,1.5676104789626886,15378.891144497378,10.536712648043059,348.78688424815937,10.834696402492213,0.0,0.0,1.0,226,16,0,210,0,10,500,1
456,3796,9738,5942,2971,1.565331928345627,15434.364832022617,10.536712648043059,348.78688424815937,10.883436767361852,0.0,0.0,1.0,224,17,0,207,0,9,500,0
457,3807,9763,5956,2978,1.5644864722878906,15473.988894540646,10.536712648043059,348.78688424815937,10.914974650512795,0.0,0.0,1.0,252,11,0,241,0,7,500,0
458,3827,9811,5984,2992,1.5636268617716227,15550.067094575263,10.536712648043059,348.78688424815937,10.972316256241783,0.0,0.0,1.0,250,20,0,230,0,14,500,0
459,3845,9849,6004,3002,1.5615084525357608,15610.295669602667,10.536712648043059,348.78688424815937,11.023923701397871,0.0,0.0,1.0,252,18,0,234,0,9,500,1
460,3859,9891,6032,3016,1.5630992485099766,15676.864094632954,10.536712648043059,348.78688424815937,11.064062825408163,0.0,0.0,1.0,214,14,0,200,0,13,500,1
461,3876,9930,6054,3027,1.561919504643963,15738.67763216108,10.536712648043059,348.78688424815937,11.112803190277802,0.0,0.0,1.0,253,17,0,236,0,11,500,0
462,3901,9991,6090,3045,1.5611381697000768,15835.36034470507,10.536712648043059,348.78688424815937,11.184480197439036,0.0,0.0,1.0,247,25,0,222,0,18,500,0
463,3919,10037,6118,3059,1.5611125287063026,15908.268619738243,10.536712648043059,348.78688424815937,11.236087642595125,0.0,0.0,1.0,246,18,0,228,0,14,500,0
464,3946,10102,6156,3078,1.5600608210846427,16011.291182285118,10.536712648043059,348.78688424815937,11.313498810329259,0.0,0.0,1.0,260,27,0,233,0,17,500,2
465,3960,10134,6174,3087,1.559090909090909,16062.009982308196,10.536712648043059,348.78688424815937,11.35363793433955,0.0,0.0,1.0,262,14,0,248,0,8,500,1
466,3981,10185,6204,3102,1.5584024114544084,16142.843069844974,10.536712648043059,348.78688424815937,11.413846620354988,0.0,0.0,1.0,254,21,0,233,0,14,500,1
467,4003,10235,6232,3116,1.5568323757182114,16222.091194881032,10.677394076700375,358.16275025567154,11.176483308614564,0.0,0.0,1.0,259,22,0,237,0,14,500,0
468,4021,10279,6258,3129,1.556329271325541,16291.829544912764,10.677394076700375,358.16275025567154,11.226739791141435,0.0,0.0,1.0,267,18,0,249,0,13,500,0
469,4044,10330,6286,3143,1.5544015825914936,16372.662632449541,10.677394076700375,358.16275025567154,11.290956407703547,0.0,0.0,1.0,236,23,0,213,0,14,500,0
470,4058,10366,6308,3154,1.5544603252833908,16429.721282475504,10.677394076700375,358.16275025567154,11.330044783002224,0.0,0.0,1.0,250,14,0,236,0,10,500,1
471,4076,10408,6332,3166,1.5534838076545634,16496.28970750579,10.677394076700375,358.16275025567154,11.380301265529095,0.0,0.0,1.0,252,18,0,234,0,11,500,1
472,4088,10440,6352,3176,1.553816046966732,16547.00850752887,10.677394076700375,358.16275025567154,11.413805587213675,0.0,0.0,1.0,274,12,0,262,0,9,500,1
473,4114,10508,6394,3197,1.5542051531356345,16654.785957577908,10.677394076700375,358.16275025567154,11.486398284196932,0.0,0.0,1.0,263,26,0,237,0,21,500,0
474,4136,10558,6422,3211,1.5527079303675049,16734.034082613965,10.677394076700375,358.16275025567154,11.547822873951997,0.0,0.0,1.0,228,22,0,206,0,14,500,0
475,4157,10615,6458,3229,1.5535241760885254,16824.376945155072,10.929486685674723,375.27480105776243,11.07721591826293,0.0,0.0,1.0,250,21,0,229,0,18,500,0
476,4173,10655,6482,3241,1.5533189551881141,16887.77544518392,10.929486685674723,375.27480105776243,11.119851341571135,0.0,0.0,1.0,253,16,0,237,0,12,500,0
477,4191,10691,6500,3250,1.5509424958243856,16944.83409520988,10.929486685674723,375.27480105776243,11.167816192792865,0.0,0.0,1.0,251,18,0,233,0,8,500,1
478,4208,10736,6528,3264,1.5513307984790874,17016.157407742332,10.929486685674723,375.27480105776243,11.213116330057831,0.0,0.0,1.0,264,17,0,247,0,14,500,0
479,4227,10787,6560,3280,1.5519280813815945,17096.99049527911,10.929486685674723,375.27480105776243,11.263745895236324,0.0,0.0,1.0,278,19,0,259,0,16,500,0
480,4249,10847,6598,3299,1.552835961402683,17192.08824532238,10.929486685674723,375.27480105776243,11.322369602285105,0.0,0.0,1.0,287,22,0,265,0,18,500,1
481,4262,10880,6618,3309,1.5527921163772878,17244.392007846178,10.929486685674723,375.27480105776243,11.357010883723023,0.0,0.0,1.0,268,13,0,255,0,9,500,1
482,4282,10934,6652,3326,1.5534796823914059,17329.97998288512,10.929486685674723,375.27480105776243,11.410305162858279,0.0,0.0,1.0,268,20,0,248,0,17,500,0
483,4302,10982,6680,3340,1.5527661552766154,17406.058182919736,10.929486685674723,375.27480105776243,11.463599441993534,0.0,0.0,1.0,275,20,0,255,0,14,500,0
484,4321,11025,6704,3352,1.5514927100208284,17474.211570450745,10.929486685674723,375.27480105776243,11.514229007172027,0.0,0.0,1.0,284,19,0,265,0,12,500,0
485,4339,11071,6732,3366,1.551509564415764,17547.119845483918,10.929486685674723,375.27480105776243,11.562193858393758,0.0,0.0,1.0,247,18,0,229,0,14,500,0
486,4361,11117,6756,3378,1.54918596652144,17620.02812051709,10.929486685674723,375.27480105776243,11.62081756544254,0.0,0.0,1.0,275,22,0,253,0,12,500,0
487,4380,11162,6782,3391,1.5484018264840183,17691.351433049545,11.512317032041546,416.36609228564663,10.519588605200624,0.0,0.0,1.0,269,19,0,250,0,13,500,0
488,4404,11216,6812,3406,1.5467756584922798,17776.93940808849,11.512317032041546,416.36609228564663,10.577230186598984,0.0,0.0,1.0,251,24,0,227,0,15,500,0
489,4419,11251,6832,3416,1.546051142792487,17832.413095613727,11.512317032041546,416.36609228564663,10.613256174972959,0.0,0.0,1.0,276,15,0,261,0,10,500,0
490,4434,11284,6850,3425,1.5448804691023905,17884.716858137526,11.512317032041546,416.36609228564663,10.649282163346934,0.0,0.0,1.0,300,15,0,285,0,9,500,0
491,4449,11321,6872,3436,1.5446167678129916,17943.360470664207,11.512317032041546,416.36609228564663,10.685308151720909,0.0,0.0,1.0,285,15,0,270,0,10,500,1
492,4463,11351,6888,3444,1.5433564866681604,17990.909345685843,11.512317032041546,416.36609228564663,10.718932407536618,0.0,0.0,1.0,286,14,0,272,0,8,500,0
493,4473,11371,6898,3449,1.542141739324838,18022.608595700265,11.512317032041546,416.36609228564663,10.742949733119268,0.0,0.0,1.0,285,10,0,275,0,5,500,0
494,4490,11416,6926,3463,1.5425389755011136,18093.93190823272,11.512317032041546,416.36609228564663,10.783779186609772,0.0,0.0,1.0,269,17,0,252,0,13,500,1
495,4513,11467,6954,3477,1.5408818967427431,18174.764995769496,11.512317032041546,416.36609228564663,10.839019035449867,0.0,0.0,1.0,258,23,0,235,0,14,500,0
496,4539,11531,6992,3496,1.5404274069178232,18276.202595815652,11.512317032041546,416.36609228564663,10.901464081964757,0.0,0.0,1.0,294,26,0,268,0,18,500,1
497,4560,11580,7020,3510,1.5394736842105263,18353.86575835099,11.512317032041546,416.36609228564663,10.951900465688322,0.0,0.0,1.0,281,21,0,260,0,13,500,1
498,4582,11634,7052,3526,1.5390659100829331,18439.453733389928,11.512317032041546,416.36609228564663,11.004738581970152,0.0,0.0,1.0,297,22,0,275,0,16,500,0
499,4600,11678,7078,3539,1.538695652173913,18509.192083421658,11.512317032041546,416.36609228564663,11.047969768018921,0.0,0.0,1.0,276,18,0,258,0,13,500,0
500,4618,11716,7098,3549,1.5370290168904288,18569.420658449064,11.512317032041546,416.36609228564663,11.091200954067691,0.0,0.0,1.0,293,18,0,275,0,10,500,0
